108  
12   

1    
  0.0100000000000000   0.0000000000000000   0.0000000000000000
  -0.2283127600    0.0007875600   -0.0039675500
   0.0012763800    0.0003810800   -0.0000171900
   0.0012348800   -0.0003478100   -0.0000369800
  -0.0000427600   -0.0004021300   -0.0000543600
  -0.0000414900    0.0004018400    0.0000805400
   0.0000489700   -0.0000017700    0.0000055800
  -0.0000354000   -0.0010719500   -0.0000231300
   0.0000489600   -0.0000018900   -0.0000113400
  -0.0000483300    0.0011162800   -0.0000546400
   0.0042060000   -0.0097076200   -0.0009499600
   0.0006626100   -0.0006501200   -0.0000675300
  -0.0000294200    0.0000287800    0.0000285000
   0.0000684400   -0.0000681500   -0.0000303700
  -0.0000389600    0.0000332100   -0.0000084500
  -0.0000380800   -0.0000656200    0.0000081100
   0.0042821900    0.0084188700   -0.0016339800
  -0.0000303900   -0.0000699600    0.0000294700
   0.0006683200   -0.0006338300    0.0001626100
   0.0056008100   -0.0093654300    0.0007210000
   0.0001833700    0.0000002900    0.0000122600
   0.0050559400    0.0090306900    0.0000748800
   0.0017515200   -0.0000125100    0.0000850500
  -0.0000024800    0.0000553100    0.0000102700
   0.0000077500   -0.0000591100   -0.0000101800
   0.0000088400    0.0000341400   -0.0000215900
  -0.0000029200   -0.0000413000    0.0000009000
   0.0017511800    0.0000027200    0.0000303800
   0.0040931800    0.0098861600    0.0005699400
  -0.0000285600   -0.0000261600    0.0000348300
   0.0006668300    0.0006067800   -0.0001206600
  -0.0000247500   -0.0000400000   -0.0000715200
   0.0000723200    0.0000655900   -0.0000127900
  -0.0000256800    0.0000540200   -0.0000287500
   0.0006603100    0.0006181300    0.0000354200
  -0.0000269400    0.0000683000    0.0000166100
   0.0040200100   -0.0085857200   -0.0001821700
   0.0373358400   -0.0157812100   -0.0305221800
   0.0000719000   -0.0000097900    0.0000347000
   0.0003563100   -0.0008752800   -0.0003144900
   0.0006664800    0.0003960300   -0.0001448100
  -0.0000601100   -0.0000027400    0.0000655400
  -0.0000192500    0.0000108700   -0.0000137400
   0.0000586100   -0.0000604000    0.0000491200
   0.0000035000   -0.0000203800   -0.0000024200
   0.0000284300    0.0000005700    0.0000227300
   0.0011428900    0.0026337700    0.0014961300
  -0.0000207200    0.0000096100   -0.0000016100
   0.0011921000   -0.0027952400   -0.0011773500
  -0.0000488600   -0.0000223800   -0.0000123400
  -0.0000086300   -0.0000073500    0.0000019500
  -0.0000249100    0.0000099700    0.0000092700
  -0.0000712500    0.0000108900    0.0000134600
  -0.0000794800   -0.0000155300   -0.0000373900
  -0.0035103500   -0.0000462000   -0.0001029600
   0.0111597200    0.0004710100    0.0001412400
  -0.0000668000   -0.0001460600    0.0000453300
  -0.0000091800    0.0001379000   -0.0000375900
  -0.0000053900    0.0000188000    0.0000301100
   0.0000046200    0.0000112200   -0.0000271500
  -0.0000106000   -0.0000015800   -0.0000051400
   0.0001687400   -0.0007672800    0.0005796700
  -0.0000317800    0.0000027200    0.0000029700
   0.0000799100    0.0003721500   -0.0002003200
   0.0003475300    0.0010210600   -0.0003957600
   0.0000520900    0.0000124900    0.0000306800
   0.0364117100    0.0146066300   -0.0291567100
   0.0006610400   -0.0004850500   -0.0000959300
  -0.0000184800   -0.0000002700   -0.0000157700
  -0.0000633300    0.0000136700    0.0000777900
  -0.0000017400    0.0000203400    0.0000005100
   0.0000284400    0.0000395200    0.0000588900
   0.0000117000    0.0000712900    0.0000142300
   0.0008184700    0.0009447000   -0.0000559600
   0.0000869400    0.0000356800   -0.0000581000
   0.0458071700    0.0179358800    0.0324551500
   0.0005855000   -0.0001424800   -0.0000884600
  -0.0000272700   -0.0000121800    0.0000066400
  -0.0001108200    0.0000173400   -0.0000924300
   0.0000002300    0.0000179100    0.0000283400
   0.0000527900    0.0000502500   -0.0000735600
   0.0001336300   -0.0000102400   -0.0000537100
   0.0148465700   -0.0004999400    0.0000491300
   0.0000070300   -0.0001715300   -0.0000612300
  -0.0000638500    0.0001557500    0.0000496600
  -0.0000152200   -0.0000474300   -0.0000001800
  -0.0000104200    0.0000132200    0.0000148100
  -0.0000126500    0.0000045200   -0.0000039100
  -0.0000608200   -0.0005272600    0.0002547000
  -0.0000309000    0.0000000500   -0.0000004300
  -0.0000090800    0.0008853600    0.0001702400
   0.0009438200    0.0032438600   -0.0010134100
  -0.0000218200   -0.0000097400   -0.0000026500
   0.0009386100   -0.0029480000    0.0013198100
  -0.0000744900    0.0000262600   -0.0000241500
  -0.0000243000    0.0000045200    0.0000095000
  -0.0000123200   -0.0000001600   -0.0000012700
  -0.0000990300    0.0000091300   -0.0000590800
  -0.0000965500   -0.0000120700    0.0000106600
  -0.0043687900    0.0000539300   -0.0000700400
   0.0460018900   -0.0173150500    0.0326870700
   0.0000715200   -0.0000391400   -0.0000533500
   0.0008179300   -0.0011104000    0.0000017300
   0.0005596700    0.0002797300   -0.0001156700
  -0.0001191300   -0.0000096900   -0.0001190200
  -0.0000274800    0.0000045900    0.0000103600
   0.0000134000   -0.0000373700   -0.0000923700
  -0.0000007900   -0.0000155200    0.0000220400
   0.0001299700   -0.0000469300   -0.0000647800

1    
 -0.0100000000000000   0.0000000000000000   0.0000000000000000
   0.2283499400    0.0011344500    0.0040542100
  -0.0012348800   -0.0003738000    0.0000147900
  -0.0012764100    0.0003553400    0.0000382600
   0.0000395200    0.0004167900    0.0000562700
   0.0000434000   -0.0003869400   -0.0000799400
  -0.0000489200    0.0000013300   -0.0000051200
   0.0000469200    0.0010583600    0.0000276700
  -0.0000489900    0.0000012300    0.0000115500
   0.0000365900   -0.0011305200    0.0000558700
  -0.0041975400    0.0097822800    0.0009482900
  -0.0006745200    0.0006311700    0.0000660200
   0.0000315500   -0.0000266300   -0.0000284800
  -0.0000696400    0.0000694900    0.0000315800
   0.0000385300   -0.0000317400    0.0000080400
   0.0000394000    0.0000649400   -0.0000079300
  -0.0041233600   -0.0084977900    0.0016450700
   0.0000306300    0.0000700400   -0.0000291400
  -0.0006687500    0.0006475600   -0.0001608200
  -0.0050542600    0.0091383000   -0.0006946200
  -0.0001833600   -0.0000014500   -0.0000125000
  -0.0055990800   -0.0092557000   -0.0001099500
  -0.0017509900    0.0000088700   -0.0000815900
   0.0000036900   -0.0000536400   -0.0000101300
  -0.0000099600    0.0000612600    0.0000105900
  -0.0000087300   -0.0000356200    0.0000215900
   0.0000033400    0.0000403500   -0.0000012300
  -0.0017516900    0.0000347100   -0.0000315300
  -0.0041036800   -0.0098103400   -0.0005751800
   0.0000257700    0.0000280300   -0.0000346600
  -0.0006540400   -0.0006261700    0.0001169500
   0.0000252800    0.0000415600    0.0000717100
  -0.0000709700   -0.0000641600    0.0000126700
   0.0000243200   -0.0000546300    0.0000288400
  -0.0006604800   -0.0006043000   -0.0000325500
   0.0000274000   -0.0000680900   -0.0000165800
  -0.0041789000    0.0085048200    0.0001684000
  -0.0366080900    0.0153145100    0.0295119200
  -0.0000705100    0.0000087600   -0.0000342200
  -0.0003675800    0.0008776100    0.0003042900
  -0.0006608200   -0.0003988200    0.0001613000
   0.0000603300    0.0000051400   -0.0000647500
   0.0000195300   -0.0000109100    0.0000141000
  -0.0000580200    0.0000605700   -0.0000494800
  -0.0000034300    0.0000204800    0.0000027300
  -0.0000295600   -0.0000018800   -0.0000222900
  -0.0011487500   -0.0026088500   -0.0014700700
   0.0000207100   -0.0000101100    0.0000014000
  -0.0011781900    0.0028131400    0.0012001800
   0.0000484700    0.0000257000    0.0000151700
   0.0000083800    0.0000075900   -0.0000020100
   0.0000251100   -0.0000097800   -0.0000092300
   0.0000719400   -0.0000120100   -0.0000118900
   0.0000789800    0.0000147300    0.0000393400
   0.0035155700    0.0000726500    0.0001147700
  -0.0111427000   -0.0002132400   -0.0003419800
   0.0000694000    0.0001435600   -0.0000465000
   0.0000061100   -0.0001414300    0.0000373400
   0.0000060800   -0.0000192200   -0.0000301900
  -0.0000046500   -0.0000104900    0.0000268700
   0.0000105800    0.0000019600    0.0000055200
  -0.0001718100    0.0007744100   -0.0005770000
   0.0000316500   -0.0000028000   -0.0000029200
  -0.0000805600   -0.0003679300    0.0002033900
  -0.0003350400   -0.0010200300    0.0004074500
  -0.0000530400   -0.0000134900   -0.0000310700
  -0.0371358200   -0.0150689900    0.0301489900
  -0.0006636700    0.0004873800    0.0000770100
   0.0000182500    0.0000001900    0.0000156900
   0.0000635100   -0.0000108000   -0.0000774600
   0.0000015200   -0.0000202000   -0.0000006500
  -0.0000288500   -0.0000395500   -0.0000588400
  -0.0000096100   -0.0000728300   -0.0000139100
  -0.0008032900   -0.0009403700    0.0000417800
  -0.0000882700   -0.0000370900    0.0000590800
  -0.0468771800   -0.0185849400   -0.0336433300
  -0.0005877100    0.0001407900    0.0001148900
   0.0000272000    0.0000124000   -0.0000063800
   0.0001113700   -0.0000151300    0.0000939100
  -0.0000000700   -0.0000176400   -0.0000276700
  -0.0000534800   -0.0000501500    0.0000741600
  -0.0001325600    0.0000089600    0.0000546300
  -0.0148676300    0.0007714700    0.0001275900
  -0.0000031100    0.0001671900    0.0000616000
   0.0000603800   -0.0001591400   -0.0000481400
   0.0000147500    0.0000481200   -0.0000006300
   0.0000107400   -0.0000135100   -0.0000156300
   0.0000127800   -0.0000045400    0.0000038100
   0.0000626400    0.0005253500   -0.0002592600
   0.0000308800   -0.0000000600    0.0000004100
   0.0000115400   -0.0008850800   -0.0001772400
  -0.0009502300   -0.0032198500    0.0009965100
   0.0000216600    0.0000091600    0.0000035800
  -0.0009383800    0.0029784800   -0.0013404300
   0.0000747500   -0.0000220600    0.0000211600
   0.0000241700   -0.0000042800   -0.0000090000
   0.0000123900    0.0000003900    0.0000019900
   0.0000995300   -0.0000099400    0.0000577300
   0.0000960400    0.0000108400   -0.0000118100
   0.0043622400   -0.0000229400    0.0000660400
  -0.0449714600    0.0166917900   -0.0315542600
  -0.0000706500    0.0000377400    0.0000524900
  -0.0008348100    0.0011125500    0.0000130800
  -0.0005576400   -0.0002795200    0.0000893900
   0.0001177900    0.0000126000    0.0001179900
   0.0000274500   -0.0000041900   -0.0000104300
  -0.0000128700    0.0000373100    0.0000913200
   0.0000006600    0.0000157400   -0.0000221800
  -0.0001321100    0.0000451500    0.0000637700

1    
  0.0000000000000000   0.0000000000000000   0.0100000000000000
  -0.0039908100   -0.0023091200   -0.2628932200
  -0.0000415600   -0.0000458000    0.0005933700
  -0.0000116800    0.0000979300    0.0005948900
  -0.0000208700   -0.0000511200    0.0006014400
  -0.0000604300   -0.0000132300    0.0005933200
  -0.0000114500   -0.0000066500   -0.0000664700
  -0.0000547200    0.0000074000    0.0006014200
   0.0000053500    0.0000031000   -0.0000665600
   0.0000789900   -0.0000589300    0.0005948100
  -0.0017135000   -0.0001054600   -0.0058922600
   0.0001630700    0.0000943600    0.0001172300
   0.0000293800   -0.0000257300    0.0000104400
  -0.0000314900   -0.0000181800   -0.0000328500
   0.0000075300    0.0000284200    0.0000101300
  -0.0000076900    0.0000382900    0.0000104300
  -0.0009454600   -0.0014329500   -0.0058922900
   0.0000283900   -0.0000076600    0.0000101100
  -0.0000653400   -0.0000378000    0.0001203800
  -0.0000115900    0.0002953900   -0.0058519200
  -0.0000124500    0.0000224100   -0.0000289700
  -0.0007880000   -0.0002109400   -0.0058759500
  -0.0000307200    0.0001537100    0.0000691900
  -0.0000004400   -0.0000188100    0.0000060000
   0.0000210300    0.0000698800    0.0000129500
   0.0000108000    0.0000278100    0.0000133300
  -0.0000105700   -0.0000338300    0.0000057300
  -0.0000829300    0.0000065600    0.0000696300
   0.0002502600   -0.0001572600   -0.0058519200
  -0.0000164800    0.0000089800    0.0000060200
  -0.0000356700   -0.0000751900    0.0000696500
   0.0000295000   -0.0000044800    0.0000133200
   0.0000131800   -0.0000219200   -0.0000290000
   0.0000711000   -0.0000166200    0.0000129600
   0.0001179500   -0.0001032700    0.0000691900
  -0.0000346300    0.0000076700    0.0000057200
  -0.0005756700   -0.0005779300   -0.0058759900
  -0.0285698100    0.0165382500    0.0435717500
  -0.0000147700   -0.0000097800   -0.0000260200
   0.0004747200   -0.0002098200    0.0006395300
   0.0005892500   -0.0004770100    0.0005144400
  -0.0000794100   -0.0001501000   -0.0000347200
  -0.0000296100    0.0000121700   -0.0000047000
  -0.0000010100    0.0000284200   -0.0000218700
  -0.0000269100    0.0000064900   -0.0000012700
   0.0000890400    0.0000995800   -0.0000299200
   0.0015080800    0.0008725300    0.0025389700
   0.0000007100   -0.0000302600   -0.0000003900
  -0.0014290200    0.0010865300    0.0025944900
  -0.0000066300   -0.0000449900    0.0000343200
  -0.0000259000    0.0000157000   -0.0000003500
   0.0000231700    0.0000134300    0.0000022800
  -0.0000423000    0.0000167000    0.0000343300
   0.0000390000    0.0000225600    0.0000501600
   0.0002297200   -0.0017804000    0.0025945100
   0.0000975500   -0.0330111900    0.0435717700
  -0.0001697000    0.0000059700   -0.0000347000
   0.0001307000    0.0000276000   -0.0000299100
   0.0000241400   -0.0000150200   -0.0000218900
  -0.0000158200   -0.0000079300   -0.0000260600
  -0.0000041700   -0.0000317300   -0.0000047200
  -0.0001198500    0.0007485800    0.0005144600
  -0.0000078200   -0.0000265600   -0.0000012900
   0.0000546800    0.0005161200    0.0006395500
   0.0003283400    0.0002125600    0.0006473100
   0.0000006600    0.0000050400   -0.0000121100
  -0.0284950100   -0.0164860700    0.0451817000
   0.0003479300    0.0001786900    0.0006472800
  -0.0000223500   -0.0000129200   -0.0000060100
  -0.0000943100    0.0001440300   -0.0000780500
  -0.0000164200   -0.0000095200   -0.0000065500
   0.0000047100   -0.0000019400   -0.0000121400
   0.0000779000   -0.0001535600   -0.0000780900
  -0.0004813300   -0.0001363500    0.0007277800
   0.0000205800   -0.0000255100   -0.0000117800
   0.0325150000    0.0188119200    0.0460008400
  -0.0003581200   -0.0003493500    0.0007278100
   0.0000230000    0.0000132900   -0.0000064800
   0.0000261500   -0.0001528100   -0.0000012100
   0.0000246200    0.0000142400    0.0000139900
  -0.0000118400    0.0000305600   -0.0000117300
  -0.0001194000    0.0000988200   -0.0000011700
  -0.0002760500    0.0368171800    0.0464446800
   0.0001268800   -0.0000476800   -0.0000123000
  -0.0001789000   -0.0000618100   -0.0000122600
  -0.0000032600   -0.0000116700   -0.0000013700
   0.0000109100   -0.0000059900    0.0000010000
   0.0000014000    0.0000246600   -0.0000033200
  -0.0000105900   -0.0002655600    0.0007744000
  -0.0000081400    0.0000171900    0.0000114600
  -0.0000700500   -0.0003498600    0.0007120800
  -0.0017337100   -0.0010030400    0.0023589300
   0.0000004800    0.0000284100    0.0000042700
   0.0019458200   -0.0007361000    0.0024564100
  -0.0000005600    0.0000253200    0.0000860200
   0.0000248500   -0.0000137300    0.0000042600
  -0.0000217000   -0.0000125200    0.0000079900
   0.0000217000   -0.0000130800    0.0000860200
  -0.0000284900   -0.0000164900    0.0000725600
   0.0003317400    0.0020537900    0.0024563000
   0.0317803500   -0.0185900300    0.0464447700
   0.0000002100    0.0000124200    0.0000009200
  -0.0003381900    0.0001136500    0.0007120800
  -0.0002354700    0.0001231800    0.0007744500
   0.0000219000    0.0001337600   -0.0000122700
   0.0000220600   -0.0000111200   -0.0000033600
  -0.0000117800    0.0000029900   -0.0000014100
   0.0000108400   -0.0000156000    0.0000114600
  -0.0001427900   -0.0001242600   -0.0000122500

1    
  0.0000000000000000   0.0000000000000000  -0.0100000000000000
   0.0040251800    0.0023290100    0.2629936500
   0.0000335200    0.0000384900   -0.0005943800
   0.0000200400   -0.0001055500   -0.0005928800
   0.0000299100    0.0000474000   -0.0005967500
   0.0000500800    0.0000098000   -0.0005943600
   0.0000114500    0.0000066200    0.0000669100
   0.0000559900    0.0000023200   -0.0005967300
  -0.0000052900   -0.0000030400    0.0000668500
  -0.0000814800    0.0000699600   -0.0005928800
   0.0015657600    0.0001989400    0.0059164500
  -0.0001602600   -0.0000927300   -0.0001185700
  -0.0000292600    0.0000270100   -0.0000097100
   0.0000304700    0.0000176500    0.0000336800
  -0.0000085200   -0.0000280800   -0.0000100100
   0.0000088400   -0.0000388100   -0.0000097400
   0.0009529000    0.0012582200    0.0059164900
  -0.0000285800    0.0000066000   -0.0000100200
   0.0000681800    0.0000394400   -0.0001153500
   0.0001731700   -0.0002151900    0.0058795900
   0.0000124800   -0.0000214300    0.0000292300
   0.0006277400    0.0002956200    0.0058555500
   0.0000311900   -0.0001560700   -0.0000701800
   0.0000016400    0.0000182100   -0.0000055100
  -0.0000221900   -0.0000705300   -0.0000137700
  -0.0000100100   -0.0000266800   -0.0000133600
   0.0000097600    0.0000346000   -0.0000057600
   0.0000835800   -0.0000108900   -0.0000698400
  -0.0001002400    0.0002573200    0.0058796200
   0.0000166100   -0.0000077000   -0.0000055100
   0.0000322200    0.0000778500   -0.0000698200
  -0.0000281200    0.0000046400   -0.0000133700
  -0.0000122900    0.0000215100    0.0000292500
  -0.0000722200    0.0000159300   -0.0000137700
  -0.0001197500    0.0001047900   -0.0000701900
   0.0000348200   -0.0000088100   -0.0000057700
   0.0005692500    0.0003968700    0.0058556000
   0.0295653000   -0.0170986400   -0.0446056400
   0.0000134400    0.0000104800    0.0000262500
  -0.0004629200    0.0002091100   -0.0006489200
  -0.0005724500    0.0004588800   -0.0005316200
   0.0000813300    0.0001472800    0.0000341100
   0.0000297800   -0.0000122700    0.0000051700
  -0.0000000900   -0.0000268100    0.0000218800
   0.0000271700   -0.0000066800    0.0000017200
  -0.0000847600   -0.0000992700    0.0000293100
  -0.0014923800   -0.0008634200   -0.0025420300
  -0.0000005900    0.0000299400    0.0000006000
   0.0014097800   -0.0010771000   -0.0025871200
   0.0000067100    0.0000464500   -0.0000328700
   0.0000257100   -0.0000154300    0.0000006100
  -0.0000227200   -0.0000131200   -0.0000018600
   0.0000436000   -0.0000173500   -0.0000329300
  -0.0000398900   -0.0000230900   -0.0000490700
  -0.0002310700    0.0017590500   -0.0025871300
  -0.0000871800    0.0341535000   -0.0446056200
   0.0001682200   -0.0000028900    0.0000341000
  -0.0001282900   -0.0000239700    0.0000292700
  -0.0000233200    0.0000132600    0.0000218400
   0.0000157700    0.0000064300    0.0000262100
   0.0000042300    0.0000319600    0.0000051500
   0.0001124800   -0.0007249700   -0.0005315900
   0.0000077400    0.0000269000    0.0000017100
  -0.0000494700   -0.0005055700   -0.0006489400
  -0.0003428500   -0.0002144900   -0.0006361400
   0.0000008400   -0.0000042300    0.0000123100
   0.0275002000    0.0159105700   -0.0441288400
  -0.0003568300   -0.0001903400   -0.0006361700
   0.0000222100    0.0000128500    0.0000061600
   0.0000931800   -0.0001469900    0.0000784900
   0.0000162100    0.0000094000    0.0000067300
  -0.0000032500    0.0000028700    0.0000122800
  -0.0000809700    0.0001540100    0.0000784900
   0.0004678700    0.0001324900   -0.0007390600
  -0.0000189400    0.0000263700    0.0000125900
  -0.0335333600   -0.0194010600   -0.0468590100
   0.0003480900    0.0003396000   -0.0007389200
  -0.0000232800   -0.0000134500    0.0000067300
  -0.0000278900    0.0001494500    0.0000002000
  -0.0000250100   -0.0000144200   -0.0000132500
   0.0000134200   -0.0000294800    0.0000125900
   0.0001156400   -0.0000986700    0.0000002100
   0.0002544500   -0.0356657100   -0.0455999900
  -0.0001295500    0.0000506400    0.0000129500
   0.0001804200    0.0000642600    0.0000129800
   0.0000027700    0.0000098500    0.0000014600
  -0.0000109700    0.0000037700   -0.0000015300
  -0.0000013600   -0.0000244200    0.0000034500
   0.0000070800    0.0002714900   -0.0007671100
   0.0000081600   -0.0000169300   -0.0000114100
   0.0000735600    0.0003666900   -0.0006986300
   0.0017434000    0.0010086600   -0.0023676900
  -0.0000006600   -0.0000288500   -0.0000041000
  -0.0019493400    0.0007398400   -0.0024534900
   0.0000005300   -0.0000237400   -0.0000864900
  -0.0000252800    0.0000137900   -0.0000041300
   0.0000218100    0.0000126200   -0.0000076300
  -0.0000203200    0.0000122400   -0.0000864800
   0.0000266400    0.0000153700   -0.0000731500
  -0.0003301700   -0.0020586900   -0.0024535800
  -0.0307929200    0.0179973300   -0.0455999900
  -0.0000021200   -0.0000113600   -0.0000015200
   0.0003546000   -0.0001189800   -0.0006986200
   0.0002388900   -0.0001291600   -0.0007670700
  -0.0000207100   -0.0001375600    0.0000128800
  -0.0000218400    0.0000109800    0.0000033400
   0.0000099600   -0.0000025000    0.0000014300
  -0.0000105800    0.0000155500   -0.0000114700
   0.0001456000    0.0001243800    0.0000128800

37   
  0.0100000000000000   0.0000000000000000   0.0000000000000000
   0.0366052800   -0.0142923900   -0.0285740900
   0.0003783000    0.0002126800    0.0004699100
   0.0000700700   -0.0000263600   -0.0000141800
   0.0000576000   -0.0000178900   -0.0000007200
   0.0000277700    0.0001186200    0.0000868700
   0.0000032100   -0.0000174800   -0.0000270600
   0.0006696500   -0.0010601700    0.0005879500
  -0.0000194100    0.0000030300   -0.0000295900
  -0.0000599500   -0.0001491800   -0.0000796600
   0.0001629900    0.0006787400   -0.0001127700
   0.0000855700   -0.0007182300    0.0000530800
  -0.0000319200   -0.0000003400   -0.0000078700
  -0.0000058800   -0.0000239700    0.0000239700
  -0.0000106700    0.0000057500   -0.0000043800
   0.0000044700    0.0000286100   -0.0000156000
   0.0111531700   -0.0006178900    0.0000482700
  -0.0000082500    0.0000218900    0.0001303200
  -0.0000675600   -0.0000001900   -0.0001678800
   0.0371379300    0.0150515200    0.0284834500
   0.0000532600    0.0000267300    0.0000000400
   0.0003235800   -0.0002960000   -0.0003354700
   0.0000115800   -0.0000301600   -0.0000800600
   0.0000289600    0.0000267000   -0.0000042900
  -0.0000017800    0.0000203600    0.0000159700
  -0.0000637200    0.0001148400    0.0000942900
  -0.0000182800   -0.0000001100    0.0000218500
   0.0006559800    0.0008313000   -0.0003478300
  -0.0035129900   -0.0000923100   -0.0002362400
  -0.0000802600   -0.0000154500   -0.0000402400
  -0.0000718400   -0.0000112200    0.0000415900
  -0.0000251400    0.0000099200   -0.0000233600
  -0.0000086000    0.0000030700    0.0000254800
  -0.0000493100   -0.0000023800    0.0000069700
   0.0012030100   -0.0027798800    0.0014246600
  -0.0000206800   -0.0000002500   -0.0000010300
   0.0011295100    0.0026048100   -0.0014966600
  -0.1029347100    0.0023338800   -0.0006256800
   0.0000328200   -0.0000579900   -0.0000048700
   0.0000325400    0.0000398700   -0.0000297700
   0.0000181400   -0.0000594100   -0.0000546900
   0.0000091400    0.0000556300    0.0000481600
   0.0000040800   -0.0000033200    0.0000014800
   0.0000178300    0.0000709100   -0.0000988200
   0.0000040900   -0.0000035500   -0.0000001700
   0.0000090100   -0.0000427000    0.0000379200
  -0.0007836200    0.0023391600    0.0021080100
  -0.0000103600   -0.0000169400    0.0000031300
   0.0000478000   -0.0000573600   -0.0000109400
  -0.0000002500   -0.0000244100    0.0000037900
  -0.0000065200   -0.0000010500    0.0000005600
  -0.0000004900    0.0000136400    0.0000042000
   0.0000459300   -0.0000948500    0.0000623700
  -0.0000099700    0.0000099300   -0.0000036300
  -0.0007694100    0.0001782600    0.0004674500
   0.0016542700   -0.0044345000   -0.0006129700
  -0.0001275400   -0.0000364100   -0.0000276000
   0.0000316900   -0.0000122700   -0.0000001600
   0.0000139500   -0.0000242000   -0.0000143400
  -0.0000021900    0.0000074400   -0.0000003200
  -0.0000022700    0.0000040900    0.0000035500
   0.0016420300   -0.0047403600    0.0006733700
   0.0000320900   -0.0000157900   -0.0000079900
  -0.0001257000   -0.0000361300    0.0000675600
   0.0011180100   -0.0009032300    0.0016044100
  -0.0000055800   -0.0000015400    0.0000023200
   0.0011199300    0.0012295600   -0.0014241100
  -0.0000438900   -0.0000083100   -0.0000548600
  -0.0000068100    0.0000082600    0.0000020100
  -0.0000090400   -0.0000189200   -0.0000005600
  -0.0000092500    0.0000186500    0.0000109700
  -0.0000066400   -0.0000184500   -0.0000103100
  -0.0000441600   -0.0000424000    0.0000099600
   0.0077084700    0.0001897700    0.0018252800
   0.0000353500    0.0000035100    0.0000023000
   0.0075264700   -0.0003886800   -0.0017159400
   0.0000408000   -0.0000206800    0.0000460300
   0.0000236400    0.0000244100    0.0000108100
   0.0000174700   -0.0000214000   -0.0000107900
   0.0000362700   -0.0000006300   -0.0000133400
   0.0000245900    0.0000157500    0.0000181000
  -0.0000330200   -0.0000155200   -0.0000092700
  -0.0008319900   -0.0027948400   -0.0016033700
   0.0000955000    0.0000419200    0.0000565500
  -0.0000004400    0.0000220200   -0.0000013300
  -0.0000034800    0.0000040500    0.0000036500
  -0.0000002100    0.0000158200   -0.0000082300
  -0.0000033300   -0.0000202400    0.0000021300
  -0.0012711600    0.0000086300   -0.0004778400
  -0.0000048600   -0.0000146800    0.0000144200
   0.0000782600    0.0000490800   -0.0000958000
   0.0012130000    0.0033252900    0.0009344200
   0.0000372100    0.0000047200    0.0000082600
  -0.0001720400    0.0000767800    0.0000041600
   0.0000094400   -0.0000023800   -0.0000062900
   0.0000150200    0.0000080500    0.0000202800
   0.0000011600   -0.0000116600   -0.0000036200
  -0.0001238100    0.0001403700   -0.0000442400
   0.0000261800    0.0000110500    0.0000092200
   0.0013705000    0.0040561200   -0.0009848100
  -0.0022034400    0.0000200900   -0.0000361600
   0.0000394900   -0.0001403300   -0.0000395900
   0.0000718300    0.0001712200    0.0000505200
  -0.0000729100   -0.0002406800    0.0000476800
  -0.0000943300    0.0002357400   -0.0000383400
   0.0000063800    0.0000000300    0.0000023700
  -0.0001125300    0.0000971900   -0.0000414200
   0.0000085400    0.0000001600    0.0000009700
  -0.0000986000   -0.0001119500    0.0000280600

37   
 -0.0100000000000000   0.0000000000000000   0.0000000000000000
  -0.0373385800    0.0147157100    0.0295590500
  -0.0003450200   -0.0002037100   -0.0004679900
  -0.0000721100    0.0000284300    0.0000143800
  -0.0000585600    0.0000177600    0.0000004000
  -0.0000302400   -0.0001184400   -0.0000869100
  -0.0000032100    0.0000174700    0.0000268500
  -0.0006572300    0.0010484100   -0.0005740600
   0.0000193600   -0.0000032700    0.0000294600
   0.0000604300    0.0001496100    0.0000808900
  -0.0001773100   -0.0006835000    0.0001195700
  -0.0000746200    0.0007111400   -0.0000509400
   0.0000319900    0.0000002200    0.0000076500
   0.0000058700    0.0000232500   -0.0000235600
   0.0000107300   -0.0000057800    0.0000040800
  -0.0000046000   -0.0000293800    0.0000160800
  -0.0111513800    0.0007847800   -0.0001363400
   0.0000073500   -0.0000227000   -0.0001284000
   0.0000688300   -0.0000014800    0.0001700500
  -0.0364090300   -0.0146226800   -0.0275093600
  -0.0000514100   -0.0000248800   -0.0000002000
  -0.0003584700    0.0003074300    0.0003359800
  -0.0000095000    0.0000303600    0.0000787900
  -0.0000280300   -0.0000268100    0.0000034000
   0.0000020200   -0.0000204100   -0.0000164800
   0.0000633100   -0.0001144100   -0.0000931000
   0.0000184300    0.0000000100   -0.0000223400
  -0.0006682800   -0.0008405300    0.0003572400
   0.0035140000    0.0001138300    0.0002244700
   0.0000792000    0.0000146900    0.0000383100
   0.0000723400    0.0000105000   -0.0000441500
   0.0000252100   -0.0000098300    0.0000225500
   0.0000086400   -0.0000028800   -0.0000262200
   0.0000492400    0.0000008900   -0.0000064100
  -0.0011672400    0.0027418400   -0.0014145200
   0.0000207200    0.0000004900    0.0000003000
  -0.0011621800   -0.0026382200    0.0015032600
   0.1029352800   -0.0034679200   -0.0013334000
  -0.0000324400    0.0000566200    0.0000068200
  -0.0000327200   -0.0000407500    0.0000321200
  -0.0000183200    0.0000617200    0.0000548700
  -0.0000084000   -0.0000527300   -0.0000480500
  -0.0000040200    0.0000035800   -0.0000015900
  -0.0000186500   -0.0000688900    0.0000977000
  -0.0000040200    0.0000033600   -0.0000001900
  -0.0000085000    0.0000442500   -0.0000388400
   0.0007667500   -0.0022870900   -0.0020792200
   0.0000100300    0.0000164900   -0.0000030900
  -0.0000423200    0.0000578800    0.0000152400
   0.0000005200    0.0000239400   -0.0000041000
   0.0000065500    0.0000010700   -0.0000004100
   0.0000002200   -0.0000130000   -0.0000041000
  -0.0000441300    0.0000929200   -0.0000570300
   0.0000104100   -0.0000101600    0.0000035400
   0.0007807900   -0.0001792700   -0.0004806600
  -0.0016480300    0.0044734000    0.0006100200
   0.0001246000    0.0000367400    0.0000281600
  -0.0000320300    0.0000123600    0.0000003100
  -0.0000137500    0.0000245000    0.0000141600
   0.0000021400   -0.0000071200   -0.0000000900
   0.0000021100   -0.0000039500   -0.0000041100
  -0.0016599900    0.0047196600   -0.0006815900
  -0.0000316800    0.0000153300    0.0000073800
   0.0001263700    0.0000370100   -0.0000695700
  -0.0011203800    0.0009173500   -0.0015970000
   0.0000056500    0.0000016200   -0.0000023000
  -0.0011184600   -0.0012181300    0.0014324000
   0.0000443200    0.0000044300    0.0000588100
   0.0000067600   -0.0000079000   -0.0000020200
   0.0000091400    0.0000193400    0.0000004600
   0.0000090200   -0.0000180300   -0.0000111400
   0.0000069200    0.0000189200    0.0000103300
   0.0000440000    0.0000428400   -0.0000084900
  -0.0075141200   -0.0001879600   -0.0017847400
  -0.0000352700   -0.0000043000   -0.0000023000
  -0.0077170700    0.0003916600    0.0017564300
  -0.0000416500    0.0000231200   -0.0000455700
  -0.0000236600   -0.0000240500   -0.0000105600
  -0.0000175800    0.0000217300    0.0000111700
  -0.0000362700    0.0000008300    0.0000137100
  -0.0000245300   -0.0000155900   -0.0000179700
   0.0000334900    0.0000182700    0.0000080800
   0.0008548300    0.0028534100    0.0016226800
  -0.0000994200   -0.0000407500   -0.0000516600
   0.0000007000   -0.0000228200    0.0000013500
   0.0000034200   -0.0000040300   -0.0000036300
   0.0000000800   -0.0000162400    0.0000080100
   0.0000035300    0.0000207500   -0.0000021300
   0.0012580400   -0.0000087500    0.0004641300
   0.0000044900    0.0000143700   -0.0000144400
  -0.0000799300   -0.0000497500    0.0001009300
  -0.0012195500   -0.0032982000   -0.0009289000
  -0.0000369100   -0.0000049700   -0.0000081500
   0.0001768300   -0.0000773000   -0.0000023500
  -0.0000093500    0.0000026600    0.0000064600
  -0.0000152000   -0.0000078300   -0.0000203200
  -0.0000009600    0.0000117000    0.0000034400
   0.0001228700   -0.0001376200    0.0000421500
  -0.0000264900   -0.0000114400   -0.0000095100
  -0.0013573000   -0.0040750700    0.0009839800
   0.0022017200   -0.0000172400   -0.0000413600
  -0.0000405600    0.0001388200    0.0000383400
  -0.0000712500   -0.0001729300   -0.0000520300
   0.0000739800    0.0002417400   -0.0000484500
   0.0000929700   -0.0002349800    0.0000378800
  -0.0000063600    0.0000000900   -0.0000023800
   0.0001106600   -0.0000970200    0.0000403000
  -0.0000086100   -0.0000001800   -0.0000008100
   0.0001000300    0.0001115600   -0.0000289700

37   
  0.0000000000000000   0.0000000000000000   0.0100000000000000
  -0.0305505100    0.0178393700    0.0445933300
  -0.0002952200   -0.0000592500    0.0006490500
   0.0000347100   -0.0000508500   -0.0000249800
   0.0000494400    0.0000064600   -0.0000204300
   0.0000240100   -0.0000572700   -0.0000295000
  -0.0000028500    0.0000050100   -0.0000011200
  -0.0001395500    0.0007451500    0.0005275900
  -0.0000136500    0.0000017600   -0.0000045900
   0.0000666400    0.0000141100   -0.0000345300
   0.0005764300   -0.0004923600    0.0005276000
  -0.0001984600   -0.0002264400    0.0006490400
   0.0000030100   -0.0000049900   -0.0000011600
   0.0000302300    0.0000396400   -0.0000204300
  -0.0000053100   -0.0000127100   -0.0000045700
  -0.0000268200    0.0000554600   -0.0000249900
   0.0002383000   -0.0353768600    0.0445932700
  -0.0000376900    0.0000493800   -0.0000295100
   0.0000454100    0.0000507500   -0.0000345200
   0.0301834600    0.0174629400    0.0451651600
  -0.0000311200   -0.0000499900   -0.0000113100
   0.0003871100   -0.0001363900    0.0006459000
  -0.0000159100   -0.0000818100   -0.0000781400
  -0.0000588300   -0.0000020700   -0.0000113000
  -0.0000003300   -0.0000002300   -0.0000063200
  -0.0000788500    0.0000269900   -0.0000781600
   0.0000156000    0.0000090400   -0.0000057600
   0.0000747400    0.0004036200    0.0006458900
   0.0001070100    0.0012915100    0.0025912500
   0.0000387000    0.0000224000    0.0000509500
  -0.0000128000    0.0000233000    0.0000353600
  -0.0000093100   -0.0000054100    0.0000022400
  -0.0000017400    0.0000028100   -0.0000002200
   0.0000138600   -0.0000226800    0.0000353500
   0.0011730100   -0.0005509200    0.0025912100
   0.0000015400   -0.0000029400   -0.0000002400
  -0.0014698000   -0.0008504200    0.0025431100
   0.0003596400    0.0002081300   -0.1422700800
  -0.0000326500    0.0000620100   -0.0002110000
  -0.0000041800    0.0000588400   -0.0002111000
  -0.0000968300   -0.0000090400   -0.0001773700
   0.0000375600   -0.0000591800   -0.0002110000
   0.0000001200    0.0000000800    0.0000068000
  -0.0000561100   -0.0000794700   -0.0001774000
   0.0000015400    0.0000009200    0.0000068000
   0.0000489700   -0.0000328900   -0.0002110700
  -0.0004729000    0.0019142000    0.0002568200
   0.0000037200    0.0000100200    0.0000124000
  -0.0000610700    0.0000998200   -0.0003348800
  -0.0000040100    0.0000029800    0.0000125200
  -0.0000005500   -0.0000023700    0.0000153700
  -0.0000039600   -0.0000107100    0.0000124100
   0.0000161500   -0.0000197200   -0.0003325000
  -0.0000031400   -0.0000006800    0.0000125500
  -0.0020858500   -0.0006417600    0.0002574000
   0.0006877100   -0.0011197300   -0.0029853800
   0.0000673000    0.0000389200    0.0000403200
  -0.0000074600    0.0000043500   -0.0000200700
  -0.0000142600   -0.0000082100    0.0000049700
   0.0000037700   -0.0000026900   -0.0000195600
   0.0000000800   -0.0000086500   -0.0000200900
  -0.0006279500    0.0011543200   -0.0029854300
  -0.0000004600    0.0000046200   -0.0000195100
  -0.0000270300   -0.0000156200    0.0000381300
   0.0014238000   -0.0013640500    0.0002568100
  -0.0000022500    0.0000006800    0.0000153600
  -0.0015959800   -0.0014884000    0.0002574200
  -0.0000091000    0.0000238100   -0.0003325000
   0.0000105200   -0.0000017400    0.0000123800
  -0.0000112900    0.0000018600    0.0000124100
   0.0000006200   -0.0000049500    0.0000125100
  -0.0000021700   -0.0000023600    0.0000125800
   0.0000560900   -0.0001026700   -0.0003348800
  -0.0010539400   -0.0001552900   -0.0034159900
  -0.0000035300    0.0000214300    0.0000095100
   0.0009607100   -0.0004208700   -0.0030642500
  -0.0000127100    0.0000162700    0.0000784700
   0.0000053600    0.0000019600   -0.0000241000
  -0.0000106700    0.0000042000   -0.0000236100
   0.0000024900   -0.0000070100   -0.0000287800
  -0.0000022800   -0.0000094300   -0.0000333500
  -0.0000568700   -0.0001241900   -0.0000037700
   0.0005386500    0.0024154600    0.0003001400
   0.0001052800    0.0000608700   -0.0002991400
  -0.0000106000    0.0000163300    0.0000162000
  -0.0000033500   -0.0000019000    0.0000118600
   0.0000053600   -0.0000004600    0.0000097700
   0.0000089000   -0.0000174100    0.0000162700
   0.0023624800   -0.0007369600    0.0003002900
   0.0000022800    0.0000048900    0.0000098000
   0.0000286800    0.0000166100   -0.0003621300
  -0.0006599900   -0.0008363600   -0.0034159800
   0.0000043700    0.0000037300   -0.0000241500
  -0.0001360100    0.0000126500   -0.0000037000
  -0.0000048400    0.0000056500   -0.0000287700
   0.0000167800   -0.0000138500    0.0000095100
  -0.0000016200   -0.0000113400   -0.0000235900
   0.0000078300   -0.0000190800    0.0000783900
  -0.0000093200    0.0000027400   -0.0000333200
   0.0001139700    0.0010426000   -0.0030642700
   0.0000688900    0.0000398600    0.0169379900
  -0.0000019600    0.0000409700    0.0000427300
   0.0000063500    0.0000250000    0.0000198900
  -0.0000340000    0.0000067200    0.0000610000
   0.0000346200   -0.0000220700    0.0000427800
  -0.0000006000   -0.0000003500    0.0000009500
  -0.0000111500   -0.0000328900    0.0000609900
   0.0000027200    0.0000016000   -0.0000042500
   0.0000248900   -0.0000068600    0.0000198800

37   
  0.0000000000000000   0.0000000000000000  -0.0100000000000000
   0.0294836700   -0.0172341600   -0.0435830600
   0.0003227900    0.0000506000   -0.0006389500
  -0.0000340600    0.0000508000    0.0000274100
  -0.0000489400   -0.0000067100    0.0000234400
  -0.0000211400    0.0000552100    0.0000299700
   0.0000019900   -0.0000047700    0.0000017600
   0.0001660300   -0.0007647400   -0.0005179900
   0.0000136800   -0.0000018300    0.0000050900
  -0.0000640200   -0.0000168400    0.0000346300
  -0.0005802300    0.0005251300   -0.0005179600
   0.0002047500    0.0002545800   -0.0006389600
  -0.0000030700    0.0000040600    0.0000017800
  -0.0000302600   -0.0000391000    0.0000234500
   0.0000052000    0.0000127700    0.0000051000
   0.0000270300   -0.0000547600    0.0000274000
  -0.0002453200    0.0341502500   -0.0435829700
   0.0000373600   -0.0000458300    0.0000299600
  -0.0000465000   -0.0000471300    0.0000346400
  -0.0291231600   -0.0168495600   -0.0441444000
   0.0000305100    0.0000499600    0.0000132400
  -0.0004153900    0.0001259600   -0.0006371000
   0.0000121000    0.0000814000    0.0000788400
   0.0000585300    0.0000015400    0.0000132500
   0.0000008600    0.0000004700    0.0000069500
   0.0000765500   -0.0000300500    0.0000788800
  -0.0000155200   -0.0000090100    0.0000061300
  -0.0000978300   -0.0004229200   -0.0006371200
  -0.0001108100   -0.0013253700   -0.0025906900
  -0.0000383000   -0.0000221800   -0.0000470800
   0.0000126400   -0.0000231800   -0.0000305900
   0.0000091200    0.0000052900   -0.0000015600
   0.0000021200   -0.0000029500    0.0000007900
  -0.0000137500    0.0000226000   -0.0000306100
  -0.0012042100    0.0005644900   -0.0025906800
  -0.0000016100    0.0000032700    0.0000008300
   0.0014962800    0.0008656700   -0.0025382300
  -0.0003484800   -0.0002016000    0.1390078100
   0.0000292900   -0.0000621100    0.0002077400
   0.0000075600   -0.0000588500    0.0002076100
   0.0000995700    0.0000042400    0.0001741100
  -0.0000392400    0.0000563400    0.0002076300
  -0.0000000700   -0.0000000800   -0.0000074100
   0.0000532600    0.0000842400    0.0001741400
  -0.0000015500   -0.0000008900   -0.0000074800
  -0.0000472700    0.0000358900    0.0002076100
   0.0004753500   -0.0019258400   -0.0002587700
  -0.0000033700   -0.0000098000   -0.0000123600
   0.0000581900   -0.0000998900    0.0003330100
   0.0000041600   -0.0000030800   -0.0000122200
   0.0000004600    0.0000024000   -0.0000152000
   0.0000039000    0.0000102600   -0.0000123500
  -0.0000099800    0.0000165800    0.0003354500
   0.0000030900    0.0000005000   -0.0000122100
   0.0021009900    0.0006436400   -0.0002582700
  -0.0006671500    0.0010692000    0.0029603000
  -0.0000698100   -0.0000403900   -0.0000404900
   0.0000077400   -0.0000042100    0.0000189200
   0.0000142000    0.0000082000   -0.0000058700
  -0.0000040000    0.0000021900    0.0000193700
   0.0000002100    0.0000088600    0.0000188300
   0.0005944200   -0.0011113200    0.0029604000
  -0.0000001000   -0.0000045300    0.0000194000
   0.0000285800    0.0000165300   -0.0000425400
  -0.0014326500    0.0013719800   -0.0002588100
   0.0000022900   -0.0000008100   -0.0000152500
   0.0016052100    0.0015006100   -0.0002582300
   0.0000093900   -0.0000169000    0.0003354900
  -0.0000102000    0.0000019600   -0.0000123000
   0.0000108300   -0.0000017200   -0.0000123700
  -0.0000005900    0.0000051600   -0.0000121900
   0.0000019800    0.0000024400   -0.0000122100
  -0.0000575700    0.0001002600    0.0003329600
   0.0010170600    0.0001646700    0.0033805800
   0.0000037300   -0.0000211900   -0.0000105300
  -0.0009239200    0.0004303100    0.0030327900
   0.0000126500   -0.0000174800   -0.0000824700
  -0.0000055000   -0.0000023000    0.0000226300
   0.0000108100   -0.0000044800    0.0000221400
  -0.0000029900    0.0000074900    0.0000286900
   0.0000026400    0.0000099800    0.0000330800
   0.0000572100    0.0001288700    0.0000025900
  -0.0005453600   -0.0024216900   -0.0002987100
  -0.0001040800   -0.0000602600    0.0002942100
   0.0000102500   -0.0000161400   -0.0000164800
   0.0000033900    0.0000019700   -0.0000121100
  -0.0000055300    0.0000003500   -0.0000097400
  -0.0000088500    0.0000170200   -0.0000163200
  -0.0023712700    0.0007341900   -0.0002988600
  -0.0000025000   -0.0000048900   -0.0000098300
  -0.0000332200   -0.0000192500    0.0003619000
   0.0006496600    0.0007996200    0.0033805200
  -0.0000046600   -0.0000035800    0.0000227200
   0.0001401800   -0.0000146400    0.0000025100
   0.0000050300   -0.0000063200    0.0000287100
  -0.0000165200    0.0000137900   -0.0000106000
   0.0000015000    0.0000116100    0.0000222200
  -0.0000088400    0.0000197200   -0.0000824200
   0.0000099100   -0.0000027100    0.0000330600
  -0.0000874400   -0.0010155000    0.0030328500
  -0.0000694300   -0.0000402300   -0.0165853800
   0.0000020000   -0.0000410200   -0.0000414700
  -0.0000063300   -0.0000251400   -0.0000185100
   0.0000341800   -0.0000057500   -0.0000606500
  -0.0000345000    0.0000222000   -0.0000413300
   0.0000008200    0.0000003800   -0.0000007400
   0.0000119900    0.0000325300   -0.0000607400
  -0.0000028600   -0.0000016600    0.0000044000
  -0.0000249200    0.0000071000   -0.0000185700

73   
  0.0100000000000000   0.0000000000000000   0.0000000000000000
   0.0007895700   -0.0002655000   -0.0004712200
   0.0468824300    0.0185653200    0.0336276000
   0.0000886700    0.0000315400    0.0000200300
  -0.0000001900    0.0000175300    0.0000246400
   0.0001342700   -0.0001239800   -0.0001173600
   0.0000540300    0.0000564400   -0.0000129000
   0.0005801800    0.0010687500   -0.0003476600
  -0.0001116600    0.0001311600    0.0000276300
  -0.0000273600   -0.0000123900    0.0000231300
  -0.0000987100    0.0000382000    0.0000203200
  -0.0043666500    0.0001004300    0.0003280400
  -0.0000967200   -0.0000116100   -0.0000285800
  -0.0000748700   -0.0000050400   -0.0000003800
  -0.0000125300   -0.0000001100   -0.0000220000
  -0.0000245500   -0.0000078900    0.0000249200
   0.0009261600    0.0032076900   -0.0017322700
   0.0009563200   -0.0030326400    0.0019520400
  -0.0000220400    0.0000029800    0.0000003800
   0.0449603500   -0.0179465100   -0.0307050800
   0.0008483000    0.0004113100    0.0003493800
   0.0000698500   -0.0000325100   -0.0000010500
   0.0000120400   -0.0000635900    0.0000103400
   0.0001292100    0.0000465500    0.0001438200
  -0.0000010500   -0.0000173900   -0.0000109600
   0.0005648000   -0.0008850400    0.0002416200
  -0.0000278500    0.0000131300   -0.0000221800
  -0.0001184300   -0.0000979000   -0.0000208200
  -0.0000646800    0.0006339200    0.0000103300
  -0.0000061500   -0.0006326000    0.0000756400
  -0.0000311000    0.0000017900    0.0000078400
  -0.0000148800   -0.0000217200    0.0000030900
  -0.0000128700   -0.0000041600   -0.0000015900
  -0.0000108800    0.0000080700   -0.0000109500
   0.0148578300    0.0007028700    0.0002278200
  -0.0000629800    0.0000638900    0.0001804100
   0.0000050100   -0.0000827800   -0.0001275200
   0.0075116100   -0.0003632900   -0.0010305400
   0.0077186700    0.0004686900    0.0009475800
   0.0000351100   -0.0000039200   -0.0000037100
   0.0000359500   -0.0000176700    0.0000027300
  -0.0000326000   -0.0000034600   -0.0000572300
   0.0000243900    0.0000125000   -0.0000023700
   0.0000411200    0.0000454900   -0.0000137200
   0.0000173200   -0.0000212000   -0.0000106100
   0.0000235600    0.0000126600    0.0000055400
  -0.0012533800   -0.0025463300   -0.0023479800
   0.0000770900    0.0000494600   -0.0000293600
  -0.0000045400    0.0000182500   -0.0000023600
  -0.0000035700    0.0000038500    0.0000034300
  -0.0000034200    0.0000238900   -0.0000089700
  -0.0000001700   -0.0000168800   -0.0000053100
  -0.0008479100   -0.0002349400   -0.0005496100
  -0.0000006900   -0.0000222700    0.0000104300
   0.0000966500    0.0000404500   -0.0001011800
  -0.0001217400    0.0000722500    0.0000087400
   0.0013619200    0.0032206500    0.0000969700
   0.0000263800    0.0000146700   -0.0000095200
   0.0000092000    0.0000148200   -0.0000050900
   0.0000007900   -0.0000120400   -0.0000016900
   0.0000151800    0.0000155200    0.0000165900
   0.0012234300    0.0038578800   -0.0006581900
  -0.0001750200    0.0000653100   -0.0001392600
   0.0000367600    0.0000162900    0.0000043900
  -0.0022022200    0.0000168700   -0.0000983600
   0.0000717000   -0.0002111600   -0.0000061900
   0.0000401900    0.0001576000    0.0000022600
  -0.0001106800   -0.0002190300    0.0000119600
  -0.0001001000    0.0002709900   -0.0000246000
   0.0000084400    0.0000001700   -0.0000026800
  -0.0000740900    0.0000748400    0.0000335300
   0.0000062700   -0.0000001400    0.0000007800
  -0.0000927900   -0.0000626700   -0.0000349900
  -0.1233770400   -0.0035313500   -0.0023499900
   0.0000284600   -0.0000262500    0.0000483200
   0.0000304000    0.0000564100   -0.0000066600
   0.0000165600   -0.0000559300   -0.0000389100
   0.0000379800    0.0000532100    0.0000705800
   0.0000051600    0.0000016800   -0.0000020800
   0.0000165100    0.0000189600    0.0000032900
   0.0000051600    0.0000014800    0.0000010000
   0.0000383600   -0.0000299500    0.0000470200
   0.0001543100   -0.0000209200   -0.0000047800
  -0.0013495000    0.0032017100    0.0018423100
   0.0000088300   -0.0000273700    0.0000006500
  -0.0000017300    0.0000201500    0.0000019000
  -0.0000017400   -0.0000155700    0.0000136700
   0.0000004400   -0.0000045400   -0.0000081700
  -0.0013277400    0.0000399900    0.0004272400
   0.0001540700   -0.0000079400    0.0001050000
   0.0000088800    0.0000260300   -0.0000173000
   0.0010790800   -0.0023526900   -0.0004584500
  -0.0001847600   -0.0001547200    0.0000035000
   0.0000321400   -0.0000047100    0.0000041600
   0.0000200800    0.0000001400   -0.0000244200
   0.0000074200    0.0000098400    0.0000086000
   0.0000074700   -0.0000033500    0.0000059300
   0.0010732400   -0.0033708400    0.0007311400
   0.0000326700   -0.0000179700   -0.0000061200
  -0.0001809400   -0.0001515000    0.0000787700
   0.0017517700    0.0013945200   -0.0015795900
   0.0017544100   -0.0017269300    0.0014379700
  -0.0000120700    0.0000027300   -0.0000026900
   0.0000024200   -0.0000174200   -0.0000009300
   0.0000683900    0.0000270800    0.0000173300
  -0.0000006800    0.0000318800   -0.0000020100
   0.0000685900    0.0000411900   -0.0000147400
   0.0000021500    0.0000177900    0.0000274900
  -0.0000004200   -0.0000211300   -0.0000269900

73   
 -0.0100000000000000   0.0000000000000000   0.0000000000000000
  -0.0008319200    0.0002757600    0.0004780600
  -0.0458022300   -0.0179545500   -0.0324216800
  -0.0000862600   -0.0000292300   -0.0000193700
   0.0000001100   -0.0000178200   -0.0000248700
  -0.0001314300    0.0001243900    0.0001176900
  -0.0000519700   -0.0000559500    0.0000124800
  -0.0005926400   -0.0010742200    0.0003586700
   0.0001109300   -0.0001303800   -0.0000263100
   0.0000275800    0.0000123200   -0.0000230700
   0.0001003400   -0.0000385600   -0.0000216000
   0.0043649500   -0.0000720100   -0.0003338400
   0.0000962600    0.0000113400    0.0000267200
   0.0000748000    0.0000042800    0.0000007200
   0.0000126500    0.0000002900    0.0000216500
   0.0000244100    0.0000081400   -0.0000252400
  -0.0009680200   -0.0032563800    0.0017446100
  -0.0009205100    0.0029895500   -0.0019431300
   0.0000219600   -0.0000028900   -0.0000007300
  -0.0460130400    0.0185470600    0.0318697100
  -0.0008042500   -0.0003971700   -0.0003436500
  -0.0000721900    0.0000346800    0.0000013100
  -0.0000139400    0.0000642300   -0.0000114200
  -0.0001321900   -0.0000461200   -0.0001446300
   0.0000010600    0.0000170800    0.0000104000
  -0.0005521200    0.0008807500   -0.0002328400
   0.0000276200   -0.0000130000    0.0000217700
   0.0001188700    0.0000987700    0.0000217000
   0.0000592400   -0.0006385600   -0.0000073200
   0.0000148400    0.0006286500   -0.0000680800
   0.0000311200   -0.0000016200   -0.0000084600
   0.0000152700    0.0000207100   -0.0000030100
   0.0000128200    0.0000041400    0.0000010900
   0.0000104800   -0.0000090400    0.0000109200
  -0.0148581700   -0.0005139000   -0.0003027700
   0.0000618600   -0.0000659900   -0.0001790100
  -0.0000045900    0.0000814600    0.0001287400
  -0.0077107300    0.0003655400    0.0010406400
  -0.0075245600   -0.0004684900   -0.0009373500
  -0.0000351800    0.0000032200    0.0000034900
  -0.0000360800    0.0000181700   -0.0000028400
   0.0000335300    0.0000048300    0.0000566700
  -0.0000243600   -0.0000121400    0.0000024200
  -0.0000415200   -0.0000432000    0.0000114600
  -0.0000171600    0.0000209800    0.0000107400
  -0.0000233900   -0.0000125400   -0.0000053100
   0.0012758700    0.0026174800    0.0023862900
  -0.0000811900   -0.0000492900    0.0000326000
   0.0000048600   -0.0000190200    0.0000023300
   0.0000037400   -0.0000039900   -0.0000032500
   0.0000035000   -0.0000243000    0.0000088400
   0.0000002900    0.0000174700    0.0000055600
   0.0008386400    0.0002319600    0.0005341700
   0.0000005400    0.0000221000   -0.0000104500
  -0.0000984800   -0.0000421900    0.0001080000
   0.0001253000   -0.0000734300   -0.0000080400
  -0.0013658000   -0.0031935600   -0.0001046000
  -0.0000260000   -0.0000145900    0.0000095800
  -0.0000091500   -0.0000147100    0.0000046000
  -0.0000008400    0.0000122300    0.0000013500
  -0.0000152700   -0.0000152000   -0.0000167300
  -0.0012084500   -0.0038719100    0.0006513700
   0.0001741200   -0.0000636000    0.0001369500
  -0.0000370100   -0.0000167300   -0.0000048100
   0.0022035300   -0.0000207500    0.0000400900
  -0.0000713900    0.0002089400    0.0000066800
  -0.0000398200   -0.0001593300   -0.0000017600
   0.0001125000    0.0002196100   -0.0000113200
   0.0000988200   -0.0002696500    0.0000252500
  -0.0000084400   -0.0000000800    0.0000029100
   0.0000726900   -0.0000754100   -0.0000346400
  -0.0000062200    0.0000000500   -0.0000006000
   0.0000947600    0.0000627800    0.0000340100
   0.1233580300    0.0019855100   -0.0000362900
  -0.0000304300    0.0000257900   -0.0000437300
  -0.0000284500   -0.0000576000    0.0000105900
  -0.0000172400    0.0000582800    0.0000404100
  -0.0000378300   -0.0000516100   -0.0000690000
  -0.0000052300   -0.0000015600    0.0000021500
  -0.0000173100   -0.0000178400   -0.0000033300
  -0.0000052700   -0.0000017000   -0.0000011500
  -0.0000375000    0.0000311100   -0.0000471900
  -0.0001519400    0.0000210100    0.0000088000
   0.0013179700   -0.0031198900   -0.0018164500
  -0.0000089600    0.0000262600   -0.0000006400
   0.0000017100   -0.0000196200   -0.0000017500
   0.0000016500    0.0000152100   -0.0000138000
  -0.0000004900    0.0000044500    0.0000083200
   0.0013394700   -0.0000420100   -0.0004433800
  -0.0001521100    0.0000075400   -0.0000984800
  -0.0000088500   -0.0000262700    0.0000172600
  -0.0010761100    0.0023752800    0.0004576600
   0.0001787200    0.0001519100   -0.0000015500
  -0.0000326500    0.0000045800   -0.0000040200
  -0.0000199600    0.0000000000    0.0000248600
  -0.0000074200   -0.0000096700   -0.0000085000
  -0.0000074700    0.0000033700   -0.0000060100
  -0.0010817200    0.0033550100   -0.0007324600
  -0.0000321700    0.0000174000    0.0000060600
   0.0001823600    0.0001551600   -0.0000811300
  -0.0017542100   -0.0013770500    0.0015916300
  -0.0017515200    0.0017403500   -0.0014268000
   0.0000119500   -0.0000026300    0.0000028000
  -0.0000021200    0.0000178400    0.0000007500
  -0.0000685600   -0.0000283500   -0.0000115700
   0.0000003800   -0.0000313600    0.0000017600
  -0.0000683900   -0.0000405400    0.0000152300
  -0.0000023800   -0.0000173900   -0.0000273700
   0.0000006900    0.0000215800    0.0000267300

73   
  0.0000000000000000   0.0000000000000000   0.0100000000000000
  -0.0000732900   -0.0000901800    0.0007345200
   0.0335869400    0.0194320300    0.0468256200
  -0.0000599400   -0.0000516300   -0.0000109900
   0.0000284700    0.0000164700    0.0000137600
  -0.0000560100   -0.0000776500   -0.0000006200
  -0.0000746500   -0.0000262200   -0.0000109800
  -0.0001147800   -0.0000185700    0.0007345200
  -0.0000952500   -0.0000098400   -0.0000006300
   0.0000065100    0.0000037500   -0.0000068000
  -0.0000586400    0.0000075300    0.0000874600
  -0.0000663700    0.0015581900    0.0024537500
   0.0000112200    0.0000064200    0.0000743900
  -0.0000227800   -0.0000545900    0.0000874700
  -0.0000018300   -0.0000010800    0.0000080300
   0.0000093300   -0.0000089700    0.0000042400
  -0.0009909900   -0.0005734400    0.0023598200
   0.0013177000   -0.0008341900    0.0024537300
  -0.0000032300    0.0000125900    0.0000042600
  -0.0326375700    0.0188180900    0.0464065500
   0.0000303400   -0.0002052500    0.0007049200
   0.0000540400   -0.0000478700    0.0000022600
   0.0000925600   -0.0000544300   -0.0000005400
   0.0000663500   -0.0000939300   -0.0000125600
  -0.0000223500    0.0000134600    0.0000115600
   0.0001147100   -0.0003765400    0.0007713600
  -0.0000103600    0.0000104800   -0.0000035100
   0.0001203600    0.0000016100   -0.0000122500
  -0.0002693000    0.0002871500    0.0007713800
  -0.0001628500    0.0001286000    0.0007049400
   0.0000004900   -0.0000261500    0.0000115900
  -0.0000010500    0.0001073700   -0.0000005500
   0.0000039400   -0.0000142400   -0.0000035100
  -0.0000145500    0.0000708400    0.0000022800
   0.0000465600   -0.0376740400    0.0464065400
  -0.0000483100    0.0001043400   -0.0000125700
   0.0000614000    0.0001034400   -0.0000122600
   0.0018144500    0.0000405700   -0.0034107700
  -0.0017457600   -0.0001323900   -0.0030583000
   0.0000023100    0.0000221700    0.0000099000
  -0.0000133900    0.0000003200   -0.0000294200
  -0.0000085300    0.0000073600   -0.0000053700
   0.0000181100    0.0000003400   -0.0000339000
   0.0000455100   -0.0000738800    0.0000810500
  -0.0000111200    0.0000026200   -0.0000232800
   0.0000109600    0.0000036400   -0.0000236800
   0.0004685900    0.0015747800    0.0003023500
   0.0000985700    0.0000570700   -0.0003622800
  -0.0000145500    0.0000178600    0.0000099700
  -0.0000035500   -0.0000020800    0.0000122200
  -0.0000023500    0.0000026700    0.0000165800
   0.0000082600   -0.0000214800    0.0000099300
   0.0015987800   -0.0003786400    0.0003023400
   0.0000012000   -0.0000033400    0.0000165800
  -0.0000567200   -0.0000328500   -0.0002949900
  -0.0000413300    0.0000762600    0.0000810500
  -0.0009848500   -0.0014474200   -0.0030582800
   0.0000093200    0.0000154700   -0.0000338600
  -0.0000064500   -0.0000117700   -0.0000294100
  -0.0000032800   -0.0000109400   -0.0000232700
   0.0000204100   -0.0000089700    0.0000098500
   0.0009395300    0.0015527700   -0.0034107700
   0.0000021000   -0.0000110700   -0.0000053900
   0.0000085700    0.0000076800   -0.0000237300
  -0.0000016200   -0.0000009200    0.0169492400
  -0.0000517300   -0.0000041900    0.0000209600
   0.0000393200    0.0000211500    0.0000439100
   0.0000417500   -0.0000795900    0.0000631900
  -0.0000295000   -0.0000428300    0.0000209600
  -0.0000008200   -0.0000004800   -0.0000039600
  -0.0000481800    0.0000758800    0.0000632100
  -0.0000023800   -0.0000013800    0.0000012200
   0.0000378800    0.0000235400    0.0000438800
  -0.0011811700   -0.0006833500   -0.1464109300
  -0.0000109400    0.0000591600   -0.0003629300
   0.0000481800    0.0000540100   -0.0003629100
   0.0000042400   -0.0000487800   -0.0003892200
   0.0000457600   -0.0000391000   -0.0003629300
   0.0000010600    0.0000006500    0.0000011100
  -0.0000401800    0.0000280200   -0.0003892900
  -0.0000021600   -0.0000012900    0.0000011100
   0.0000707700    0.0000148200   -0.0003628500
  -0.0001010300    0.0000425200   -0.0003839500
  -0.0004302900    0.0020666200    0.0002878400
   0.0000175700    0.0000211400    0.0000101400
  -0.0000139000   -0.0000239000    0.0000105600
  -0.0000018100    0.0000020100    0.0000106200
   0.0000082100   -0.0000015700    0.0000069000
  -0.0018174000   -0.0005977600    0.0002869000
   0.0000086200    0.0000121600   -0.0003820900
  -0.0000005600    0.0000025700    0.0000103600
   0.0007281400   -0.0009573400   -0.0033842000
   0.0000771300    0.0000446900    0.0000373700
  -0.0000059700    0.0000134000   -0.0000386500
  -0.0000247700   -0.0000143800   -0.0000012300
   0.0000057200    0.0000010300   -0.0000381700
   0.0000087200   -0.0000118400   -0.0000385500
  -0.0004669900    0.0011084800   -0.0033842100
   0.0000038000    0.0000045000   -0.0000382000
   0.0000035900    0.0000020000    0.0000350900
  -0.0014241000   -0.0012776000    0.0002868700
   0.0015770700   -0.0014031500    0.0002878500
   0.0000026200    0.0000079100    0.0000068100
  -0.0000276100   -0.0000000500    0.0000106500
   0.0000148400    0.0000014500   -0.0003821300
   0.0000271900    0.0000046400    0.0000102100
  -0.0000135200   -0.0001088800   -0.0003838600
   0.0000008300   -0.0000026000    0.0000107200
   0.0000020000   -0.0000016900    0.0000102200

73   
  0.0000000000000000   0.0000000000000000  -0.0100000000000000
   0.0000249000    0.0000880700   -0.0007318300
  -0.0325077900   -0.0188077900   -0.0460322900
   0.0000573600    0.0000515300    0.0000137000
  -0.0000275700   -0.0000159800   -0.0000131600
   0.0000521700    0.0000751900    0.0000011200
   0.0000732800    0.0000240400    0.0000137000
   0.0000887600   -0.0000222800   -0.0007318500
   0.0000911900    0.0000077800    0.0000011200
  -0.0000064800   -0.0000037600    0.0000069000
   0.0000581800   -0.0000074500   -0.0000846000
   0.0000696800   -0.0015880600   -0.0024560200
  -0.0000112100   -0.0000065000   -0.0000708500
   0.0000225100    0.0000541600   -0.0000846100
   0.0000013800    0.0000007900   -0.0000071600
  -0.0000090400    0.0000088300   -0.0000035000
   0.0010187000    0.0005893400   -0.0023666900
  -0.0013420300    0.0008519500   -0.0024560200
   0.0000030900   -0.0000122400   -0.0000035100
   0.0315990100   -0.0182038500   -0.0456360300
   0.0000186700    0.0002015300   -0.0007053600
  -0.0000518000    0.0000480900   -0.0000000500
  -0.0000911700    0.0000517700    0.0000023000
  -0.0000620300    0.0000928700    0.0000130500
   0.0000217100   -0.0000129800   -0.0000111100
  -0.0000904100    0.0003346700   -0.0007696800
   0.0000103000   -0.0000104800    0.0000036300
  -0.0001166600   -0.0000038200    0.0000132200
   0.0002450300   -0.0002451900   -0.0007696600
   0.0001840400   -0.0000842700   -0.0007053500
  -0.0000004200    0.0000252700   -0.0000110900
  -0.0000005300   -0.0001048200    0.0000022900
  -0.0000039300    0.0000141800    0.0000036200
   0.0000158300   -0.0000688400   -0.0000000500
  -0.0000316400    0.0364674300   -0.0456360300
   0.0000495800   -0.0001000900    0.0000130800
  -0.0000614500   -0.0000992600    0.0000132400
  -0.0017946400   -0.0000333600    0.0033866000
   0.0017252800    0.0001427000    0.0030395900
  -0.0000023600   -0.0000219700   -0.0000104100
   0.0000134400   -0.0000005000    0.0000288000
   0.0000087000   -0.0000101900    0.0000014200
  -0.0000180200   -0.0000006500    0.0000331100
  -0.0000462100    0.0000784300   -0.0000791600
   0.0000108900   -0.0000019500    0.0000232500
  -0.0000106200   -0.0000030900    0.0000237600
  -0.0004739800   -0.0016039600   -0.0002972000
  -0.0000979500   -0.0000566600    0.0003616000
   0.0000140400   -0.0000175900   -0.0000098400
   0.0000036700    0.0000021100   -0.0000122000
   0.0000020700   -0.0000028100   -0.0000162000
  -0.0000082800    0.0000209500   -0.0000097900
  -0.0016267600    0.0003885500   -0.0002972300
  -0.0000014100    0.0000031900   -0.0000162400
   0.0000511700    0.0000296100    0.0002979600
   0.0000449200   -0.0000791200   -0.0000791800
   0.0009836600    0.0014245700    0.0030395700
  -0.0000095200   -0.0000153100    0.0000331200
   0.0000062700    0.0000118900    0.0000287800
   0.0000037200    0.0000104100    0.0000231900
  -0.0000202100    0.0000089400   -0.0000104500
  -0.0009234000   -0.0015392200    0.0033866300
  -0.0000045100    0.0000126100    0.0000014600
  -0.0000079900   -0.0000076600    0.0000237700
   0.0000035700    0.0000020500   -0.0165772800
   0.0000509200    0.0000028400   -0.0000177400
  -0.0000388700   -0.0000220000   -0.0000406500
  -0.0000402800    0.0000784000   -0.0000589200
   0.0000278600    0.0000427200   -0.0000177200
   0.0000007600    0.0000004200    0.0000039000
   0.0000479100   -0.0000739700   -0.0000589300
   0.0000023500    0.0000013900   -0.0000011600
  -0.0000384500   -0.0000227400   -0.0000407000
   0.0011331400    0.0006555100    0.1438045800
   0.0000063900   -0.0000593700    0.0003570100
  -0.0000437000   -0.0000542100    0.0003571500
  -0.0000023000    0.0000466200    0.0003837900
  -0.0000483100    0.0000351400    0.0003569200
  -0.0000010900   -0.0000006700   -0.0000013500
   0.0000392600   -0.0000252000    0.0003837900
   0.0000021800    0.0000012900   -0.0000014300
  -0.0000687900   -0.0000108500    0.0003571200
   0.0001025000   -0.0000410600    0.0003800100
   0.0004407700   -0.0020917400   -0.0002795500
  -0.0000169700   -0.0000208200   -0.0000104000
   0.0000137700    0.0000233700   -0.0000107800
   0.0000019800   -0.0000019600   -0.0000108300
  -0.0000083200    0.0000017300   -0.0000068800
   0.0018408800    0.0006031500   -0.0002804400
  -0.0000048900   -0.0000145700    0.0003817600
   0.0000007700   -0.0000026500   -0.0000102400
  -0.0007351100    0.0009405300    0.0033597000
  -0.0000827100   -0.0000478400   -0.0000363000
   0.0000061400   -0.0000132700    0.0000379000
   0.0000246400    0.0000142500    0.0000005900
  -0.0000061200   -0.0000015500    0.0000381400
  -0.0000084700    0.0000119800    0.0000378300
   0.0004489600   -0.0011060900    0.0033596700
  -0.0000043800   -0.0000045400    0.0000382400
  -0.0000015600   -0.0000009200   -0.0000386600
   0.0014404400    0.0012952600   -0.0002803600
  -0.0015937100    0.0014246800   -0.0002795300
  -0.0000026800   -0.0000081200   -0.0000069600
   0.0000271500    0.0000002700   -0.0000108000
  -0.0000150800    0.0000030000    0.0003817600
  -0.0000265300   -0.0000043500   -0.0000103600
   0.0000154700    0.0001093700    0.0003799800
  -0.0000007200    0.0000027400   -0.0000108800
  -0.0000019000    0.0000020200   -0.0000102400
