108  
12   

1    
  0.0100000000000000   0.0000000000000000   0.0000000000000000
  -0.2193925100    0.0006809000   -0.0025442800
   0.0011329900    0.0001083600    0.0000087700
   0.0010969800   -0.0000694200    0.0000035100
  -0.0001243300   -0.0006533100   -0.0000983300
  -0.0001281900    0.0006487500    0.0000803300
   0.0000534200   -0.0000024700    0.0000050000
  -0.0001193900   -0.0007761500   -0.0000108900
   0.0000534200   -0.0000024400   -0.0000112600
  -0.0001326400    0.0008130400    0.0000101900
   0.0038473400   -0.0119282400   -0.0009623500
   0.0003385600   -0.0008697000   -0.0000942500
   0.0000694000    0.0000245300    0.0000385000
   0.0000304900   -0.0001440000   -0.0000222900
  -0.0000127800    0.0000711900   -0.0000118900
  -0.0000105300    0.0000000700    0.0000113200
   0.0039267500    0.0079902700   -0.0016853000
   0.0000694300   -0.0000469800    0.0000156900
   0.0003418200   -0.0008497500    0.0001231200
   0.0075529900   -0.0102864200    0.0006497200
   0.0002821800    0.0000010600    0.0000280400
   0.0070029300    0.0099325200    0.0000592400
   0.0018031400   -0.0000129500    0.0000751200
   0.0000024000    0.0000839100    0.0000154600
   0.0000144900   -0.0000870100   -0.0000178600
   0.0000149400   -0.0000252200   -0.0000201000
   0.0000020200    0.0000138700   -0.0000040400
   0.0018029100    0.0000080900   -0.0000220400
   0.0037249600    0.0121493000    0.0004902500
   0.0000717300   -0.0000254800    0.0000381700
   0.0003342300    0.0008167600   -0.0001341900
  -0.0000004200   -0.0000779000   -0.0000677600
   0.0000353000    0.0001440600   -0.0000031500
  -0.0000017400   -0.0000157500   -0.0000184200
   0.0003301800    0.0008469800    0.0000334200
   0.0000719700    0.0000426400    0.0000135800
   0.0036556600   -0.0081544300   -0.0001604300
   0.0352268200   -0.0139100200   -0.0270936100
   0.0000268000    0.0000114600    0.0000310000
   0.0003753400   -0.0007654300   -0.0002372300
   0.0005653800    0.0004237500   -0.0001762400
  -0.0001057600   -0.0000308200    0.0000849700
  -0.0000397400    0.0000156100   -0.0000197800
   0.0000350900   -0.0000416300    0.0000501200
   0.0000028900   -0.0000295600    0.0000011600
   0.0000201500   -0.0000003300    0.0000187700
   0.0006453300    0.0022879300    0.0007686200
  -0.0000639800    0.0000123200   -0.0000049800
   0.0007020600   -0.0024767700   -0.0004414900
  -0.0000110300   -0.0000178600   -0.0000166200
  -0.0000170700   -0.0000256400   -0.0000058600
  -0.0000376400    0.0000337400    0.0000148000
  -0.0000574400    0.0000292800    0.0000106000
  -0.0000590500   -0.0000296500   -0.0000410800
  -0.0034335000   -0.0000636600   -0.0000799600
   0.0123335900    0.0003597900    0.0001690500
  -0.0001212600   -0.0001504300    0.0000659500
  -0.0000609000    0.0001599300   -0.0000662800
  -0.0000182400    0.0000441500    0.0000429800
   0.0000031700   -0.0000174900   -0.0000315100
  -0.0000268800   -0.0000007800   -0.0000051200
   0.0002291000   -0.0007872200    0.0004372800
  -0.0000461700    0.0000039200    0.0000058900
   0.0001753400    0.0004200100   -0.0000372400
   0.0003672300    0.0009274700   -0.0003311400
   0.0000121400    0.0000022000    0.0000186400
   0.0344942500    0.0127195700   -0.0257744100
   0.0005875400   -0.0005012700   -0.0001959300
  -0.0000362400   -0.0000011500   -0.0000229900
  -0.0001253800    0.0000358400    0.0001009100
  -0.0000043000    0.0000302900    0.0000022300
   0.0000143900    0.0000219600    0.0000550200
   0.0000032200    0.0000642700    0.0000254100
   0.0008173600    0.0008077600   -0.0001375200
   0.0000491500    0.0000126000   -0.0000532000
   0.0428333100    0.0155122500    0.0283845300
   0.0004961900   -0.0001519400    0.0000065200
  -0.0000565600   -0.0000198200    0.0000103100
  -0.0001622500    0.0000549300   -0.0001173900
   0.0000006900    0.0000260100    0.0000256300
   0.0000345600    0.0000463000   -0.0000791100
   0.0000979100   -0.0000069100   -0.0000480600
   0.0162492600   -0.0003739900    0.0001072200
  -0.0000595600   -0.0001987000   -0.0000931800
  -0.0001255900    0.0001661300    0.0000738800
  -0.0000130900   -0.0000230500   -0.0000083100
  -0.0000153700   -0.0000044200    0.0000282300
  -0.0000282200    0.0000043600   -0.0000045100
   0.0000253000   -0.0005520300    0.0004507900
  -0.0000472000   -0.0000011800    0.0000032100
   0.0000442100    0.0008863900   -0.0000030600
   0.0003501100    0.0028027300   -0.0000720800
  -0.0000740300   -0.0000124400   -0.0000058800
   0.0003540700   -0.0025022600    0.0004284800
  -0.0000250500    0.0000239500   -0.0000302000
  -0.0000372300   -0.0000199100    0.0000113200
  -0.0000233000    0.0000196900   -0.0000048500
  -0.0000714900    0.0000193700   -0.0000722000
  -0.0000745200   -0.0000253200    0.0000198200
  -0.0041898100    0.0000595800   -0.0000540600
   0.0431355400   -0.0147920700    0.0284720000
   0.0000378300   -0.0000260200   -0.0000405200
   0.0008246600   -0.0009860200   -0.0000790500
   0.0005047800    0.0002701100    0.0000241400
  -0.0001863300   -0.0000305200   -0.0001506000
  -0.0000531500    0.0000088300    0.0000152400
   0.0000023200   -0.0000292900   -0.0000921000
  -0.0000020100   -0.0000229900    0.0000211100
   0.0000920600   -0.0000444900   -0.0000692200

1    
 -0.0100000000000000   0.0000000000000000   0.0000000000000000
   0.2194114900    0.0009350600    0.0026450400
  -0.0010969600   -0.0000993200   -0.0000125200
  -0.0011329800    0.0000788400   -0.0000022600
   0.0001227300    0.0006684800    0.0001000800
   0.0001284600   -0.0006329400   -0.0000806200
  -0.0000534000    0.0000021200   -0.0000048500
   0.0001276400    0.0007653900    0.0000159500
  -0.0000533800    0.0000021500    0.0000110900
   0.0001239900   -0.0008246100   -0.0000093200
  -0.0038516000    0.0120373500    0.0009634800
  -0.0003450000    0.0008480800    0.0000937100
  -0.0000686600   -0.0000213800   -0.0000388500
  -0.0000318100    0.0001447900    0.0000234200
   0.0000112700   -0.0000688000    0.0000108900
   0.0000135000   -0.0000011300   -0.0000113300
  -0.0037740600   -0.0080780900    0.0016957000
  -0.0000686200    0.0000458900   -0.0000159000
  -0.0003417100    0.0008681000   -0.0001208900
  -0.0070009000    0.0100260000   -0.0006263900
  -0.0002821000   -0.0000009600   -0.0000283800
  -0.0075509700   -0.0101904200   -0.0000913800
  -0.0018026500    0.0000245300   -0.0000713000
  -0.0000010400   -0.0000821200   -0.0000155900
  -0.0000160600    0.0000886000    0.0000181800
  -0.0000155700    0.0000246000    0.0000197300
  -0.0000013800   -0.0000144900    0.0000037500
  -0.0018032900    0.0000255900    0.0000217100
  -0.0037304000   -0.0120511500   -0.0004942800
  -0.0000725800    0.0000271600   -0.0000383300
  -0.0003269100   -0.0008388100    0.0001306800
   0.0000010800    0.0000793000    0.0000677300
  -0.0000337500   -0.0001430600    0.0000028400
  -0.0000002600    0.0000156400    0.0000183600
  -0.0003309400   -0.0008286400   -0.0000306500
  -0.0000723300   -0.0000423800   -0.0000137500
  -0.0038016000    0.0080770900    0.0001473600
  -0.0345413000    0.0135018700    0.0261875500
  -0.0000258600   -0.0000124200   -0.0000305500
  -0.0003832700    0.0007679200    0.0002314300
  -0.0005584600   -0.0004294600    0.0001924600
   0.0001060200    0.0000319300   -0.0000851400
   0.0000399500   -0.0000156100    0.0000197100
  -0.0000343000    0.0000421600   -0.0000509000
  -0.0000028200    0.0000294700   -0.0000012000
  -0.0000210000   -0.0000009100   -0.0000187300
  -0.0006655600   -0.0022644300   -0.0007456200
   0.0000640300   -0.0000128800    0.0000044900
  -0.0006731700    0.0024939000    0.0004612800
   0.0000105700    0.0000200800    0.0000192400
   0.0000168400    0.0000255800    0.0000056200
   0.0000380100   -0.0000339200   -0.0000149900
   0.0000585000   -0.0000302600   -0.0000089600
   0.0000582100    0.0000289900    0.0000427400
   0.0034384300    0.0000865400    0.0000911600
  -0.0123162700   -0.0000923100   -0.0003697600
   0.0001221000    0.0001488800   -0.0000672100
   0.0000595600   -0.0001625700    0.0000661100
   0.0000194700   -0.0000452600   -0.0000439000
  -0.0000034400    0.0000177800    0.0000307000
   0.0000268900    0.0000007900    0.0000050100
  -0.0002321400    0.0007982100   -0.0004387800
   0.0000460700   -0.0000040900   -0.0000062400
  -0.0001760500   -0.0004147200    0.0000364500
  -0.0003592300   -0.0009262000    0.0003381700
  -0.0000127200   -0.0000031200   -0.0000195300
  -0.0351751900   -0.0131209600    0.0266588800
  -0.0005909800    0.0005008100    0.0001752600
   0.0000362200    0.0000011700    0.0000227700
   0.0001258900   -0.0000344100   -0.0001004200
   0.0000042600   -0.0000303300   -0.0000024900
  -0.0000146400   -0.0000218900   -0.0000553400
  -0.0000013500   -0.0000657700   -0.0000256600
  -0.0008066900   -0.0008028400    0.0001296300
  -0.0000502700   -0.0000139200    0.0000539100
  -0.0438203600   -0.0160716200   -0.0294250700
  -0.0004989400    0.0001471900    0.0000215300
   0.0000566600    0.0000201100   -0.0000104800
   0.0001626100   -0.0000539400    0.0001173100
  -0.0000004600   -0.0000258400   -0.0000255600
  -0.0000353400   -0.0000461100    0.0000794300
  -0.0000972300    0.0000055500    0.0000480000
  -0.0162707800    0.0006578200    0.0000665500
   0.0000611600    0.0001953700    0.0000934000
   0.0001243000   -0.0001682800   -0.0000724100
   0.0000129800    0.0000232300    0.0000078500
   0.0000151800    0.0000034300   -0.0000286600
   0.0000282900   -0.0000046500    0.0000043700
  -0.0000233600    0.0005511200   -0.0004524000
   0.0000472800    0.0000010400   -0.0000030900
  -0.0000421400   -0.0008830800   -0.0000007600
  -0.0003783700   -0.0027800700    0.0000584800
   0.0000739100    0.0000116000    0.0000065400
  -0.0003349200    0.0025323000   -0.0004472400
   0.0000255300   -0.0000207200    0.0000263200
   0.0000369200    0.0000197500   -0.0000113100
   0.0000234600   -0.0000197500    0.0000048500
   0.0000726700   -0.0000201700    0.0000700600
   0.0000733700    0.0000240500   -0.0000216900
   0.0041833700   -0.0000309300    0.0000496500
  -0.0421704800    0.0142497400   -0.0274722200
  -0.0000372900    0.0000246000    0.0000395600
  -0.0008356000    0.0009887200    0.0000873200
  -0.0005022700   -0.0002731000   -0.0000536900
   0.0001850000    0.0000318500    0.0001503300
   0.0000528600   -0.0000084200   -0.0000153400
  -0.0000019000    0.0000294500    0.0000910000
   0.0000018400    0.0000231100   -0.0000213800
  -0.0000936500    0.0000424500    0.0000683500

1    
  0.0000000000000000   0.0000000000000000   0.0100000000000000
  -0.0025836900   -0.0014948100   -0.2449475200
  -0.0000004000    0.0000070600    0.0005169900
   0.0000141900    0.0000840400    0.0005184600
  -0.0000102300   -0.0001085200    0.0005388100
   0.0000059300   -0.0000038700    0.0005170000
  -0.0000111700   -0.0000064600   -0.0000662700
  -0.0000991800    0.0000452300    0.0005388100
   0.0000049400    0.0000028600   -0.0000662600
   0.0000799300   -0.0000295800    0.0005184800
  -0.0017602700   -0.0000935900   -0.0056718000
   0.0001230300    0.0000711800    0.0003232700
   0.0000157100   -0.0000206100    0.0000065900
  -0.0000232800   -0.0000134600   -0.0000528100
   0.0000104600    0.0000387100    0.0000062400
  -0.0000100400    0.0000239000    0.0000066000
  -0.0009585100   -0.0014793900   -0.0056717800
   0.0000387700   -0.0000102200    0.0000062500
  -0.0000935900   -0.0000541500    0.0003264100
   0.0000026300    0.0002578800   -0.0056520200
  -0.0000281100    0.0000201600   -0.0000505200
  -0.0007146300   -0.0001609200   -0.0056751200
   0.0000221600    0.0001400600    0.0002801000
   0.0000047600   -0.0000183800    0.0000029800
   0.0000191200    0.0000662600    0.0000043000
   0.0000183200    0.0000113300    0.0000047000
  -0.0000157600   -0.0000348900    0.0000027100
  -0.0000727000    0.0000035200    0.0002807600
   0.0002248700   -0.0001262500   -0.0056520000
  -0.0000135700    0.0000132900    0.0000029800
  -0.0000331800   -0.0000647900    0.0002807600
   0.0000189500    0.0000102500    0.0000046900
   0.0000034600   -0.0000344300   -0.0000505000
   0.0000669900   -0.0000164600    0.0000043000
   0.0001324600   -0.0000505800    0.0002801100
  -0.0000381000    0.0000037300    0.0000027100
  -0.0004957000   -0.0005393400   -0.0056751200
  -0.0266030200    0.0152968000    0.0408141100
  -0.0000199700   -0.0000190400   -0.0000236800
   0.0005026000   -0.0001241400    0.0006563700
   0.0005823900   -0.0005638200    0.0004552700
  -0.0000918500   -0.0001439400   -0.0000591800
  -0.0000320500    0.0000125600    0.0000031500
   0.0000060800    0.0000325400   -0.0000138900
  -0.0000242200    0.0000063200    0.0000008300
   0.0000754100    0.0001167200   -0.0000340800
   0.0015293600    0.0008848300    0.0020388000
   0.0000008000   -0.0000364100    0.0000069200
  -0.0014080200    0.0010471200    0.0020612100
  -0.0000011900   -0.0000359100    0.0000011400
  -0.0000311700    0.0000188500    0.0000069200
   0.0000284600    0.0000164700    0.0000137500
  -0.0000317300    0.0000168600    0.0000011400
   0.0000493100    0.0000285300    0.0000271300
   0.0002059900   -0.0017425700    0.0020612000
   0.0000017400   -0.0306873200    0.0408141400
  -0.0001705700   -0.0000078900   -0.0000591700
   0.0001387800    0.0000072100   -0.0000340800
   0.0000312400   -0.0000109400   -0.0000138900
  -0.0000264500   -0.0000078100   -0.0000236800
  -0.0000050900   -0.0000340300    0.0000031600
  -0.0001985200    0.0007859200    0.0004552700
  -0.0000066000   -0.0000241500    0.0000008300
   0.0001428900    0.0004976000    0.0006563700
   0.0003712200    0.0001394000    0.0006547300
  -0.0000032000    0.0000093000   -0.0000098900
  -0.0265683700   -0.0153714900    0.0426750900
   0.0003058800    0.0002523500    0.0006547400
  -0.0000226600   -0.0000131100   -0.0000022800
  -0.0001103000    0.0001509000   -0.0001008800
  -0.0000115600   -0.0000066900   -0.0000021900
   0.0000064700   -0.0000074200   -0.0000098900
   0.0000758400   -0.0001708200   -0.0001008900
  -0.0005068100   -0.0000573500    0.0007880900
   0.0000201500   -0.0000325100    0.0000026300
   0.0297022400    0.0171846600    0.0428576100
  -0.0003023300   -0.0004107900    0.0007880900
   0.0000252100    0.0000145800   -0.0000017500
   0.0000445800   -0.0001356800   -0.0000228500
   0.0000211100    0.0000122100    0.0000167400
  -0.0000181400    0.0000336800    0.0000026500
  -0.0000954000    0.0001062700   -0.0000228500
  -0.0003691400    0.0336824000    0.0435060100
   0.0001421700   -0.0000221100   -0.0000334100
  -0.0001774800   -0.0000363500   -0.0000504000
  -0.0000102200   -0.0000096800    0.0000117100
   0.0000143400   -0.0000080000    0.0000154900
   0.0000003300    0.0000259900   -0.0000023800
   0.0000753600   -0.0002303800    0.0008600500
  -0.0000075900    0.0000121600    0.0000147300
  -0.0001441300   -0.0003519400    0.0007412300
  -0.0016286000   -0.0009422500    0.0018810700
   0.0000003900    0.0000310600    0.0000139900
   0.0019185500   -0.0007412200    0.0020252700
   0.0000033400    0.0000222800    0.0000660100
   0.0000271200   -0.0000151300    0.0000139900
  -0.0000266200   -0.0000153900    0.0000137500
   0.0000209800   -0.0000082000    0.0000660100
  -0.0000009500   -0.0000005400    0.0000422100
   0.0003136600    0.0020327000    0.0020252700
   0.0290164400   -0.0171081000    0.0435060100
   0.0000002200    0.0000164100    0.0000154900
  -0.0003769300    0.0000504700    0.0007412400
  -0.0001621600    0.0001801500    0.0008600400
   0.0000517000    0.0001342700   -0.0000334100
   0.0000227100   -0.0000126700   -0.0000023900
  -0.0000134800   -0.0000040500    0.0000117000
   0.0000067600   -0.0000126500    0.0000147300
  -0.0001199800   -0.0001357500   -0.0000504000

1    
  0.0000000000000000   0.0000000000000000  -0.0100000000000000
   0.0025994300    0.0015038800    0.2450590500
  -0.0000061700   -0.0000121300   -0.0005189200
  -0.0000071300   -0.0000893600   -0.0005174500
   0.0000165600    0.0001049500   -0.0005344200
  -0.0000135900    0.0000007000   -0.0005189200
   0.0000111600    0.0000064600    0.0000661400
   0.0000992400   -0.0000379500   -0.0005344200
  -0.0000049100   -0.0000028400    0.0000661400
  -0.0000810300    0.0000383600   -0.0005174500
   0.0016209800    0.0001840100    0.0056950100
  -0.0001209300   -0.0000699600   -0.0003241400
  -0.0000158900    0.0000238200   -0.0000062900
   0.0000224300    0.0000129700    0.0000532400
  -0.0000122000   -0.0000375000   -0.0000066200
   0.0000127300   -0.0000256400   -0.0000062900
   0.0009674600    0.0013135700    0.0056950200
  -0.0000385900    0.0000081200   -0.0000066200
   0.0000943700    0.0000546000   -0.0003208800
   0.0001529400   -0.0001835300    0.0056757100
   0.0000282400   -0.0000192100    0.0000504800
   0.0005614100    0.0002408300    0.0056526100
  -0.0000216400   -0.0001404100   -0.0002821400
  -0.0000031000    0.0000175900   -0.0000028500
  -0.0000207800   -0.0000671900   -0.0000055400
  -0.0000177900   -0.0000104300   -0.0000051200
   0.0000152100    0.0000354800   -0.0000031000
   0.0000736100   -0.0000068200   -0.0002816300
  -0.0000829000    0.0002240800    0.0056757000
   0.0000137000   -0.0000114500   -0.0000028500
   0.0000307800    0.0000672000   -0.0002816300
  -0.0000179100   -0.0000102200   -0.0000051200
  -0.0000025900    0.0000340600    0.0000504700
  -0.0000686000    0.0000154700   -0.0000055400
  -0.0001325200    0.0000512400   -0.0002821400
   0.0000383300   -0.0000044900   -0.0000031100
   0.0004885900    0.0003666800    0.0056526100
   0.0275129900   -0.0158054000   -0.0417948800
   0.0000189200    0.0000194300    0.0000234900
  -0.0004918300    0.0001224600   -0.0006664000
  -0.0005644200    0.0005458300   -0.0004737300
   0.0000935200    0.0001419300    0.0000587400
   0.0000321000   -0.0000126200   -0.0000031700
  -0.0000069200   -0.0000307200    0.0000135100
   0.0000244800   -0.0000065400   -0.0000008400
  -0.0000720700   -0.0001164200    0.0000336100
  -0.0015129900   -0.0008753600   -0.0020443400
  -0.0000006400    0.0000361300   -0.0000071400
   0.0013871600   -0.0010378700   -0.0020562100
   0.0000012900    0.0000374500   -0.0000000300
   0.0000310100   -0.0000185600   -0.0000071400
  -0.0000280000   -0.0000162000   -0.0000137000
   0.0000331000   -0.0000175500   -0.0000000300
  -0.0000503100   -0.0000291000   -0.0000265000
  -0.0002083800    0.0017198800   -0.0020562000
   0.0000108500    0.0317297300   -0.0417948600
   0.0001696500    0.0000103400    0.0000587400
  -0.0001368500   -0.0000044600    0.0000336100
  -0.0000300900    0.0000093200    0.0000135100
   0.0000262800    0.0000067200    0.0000234900
   0.0000050500    0.0000341300   -0.0000031700
   0.0001918700   -0.0007613700   -0.0004737300
   0.0000065200    0.0000244900   -0.0000008400
  -0.0001389700   -0.0004874100   -0.0006664000
  -0.0003862000   -0.0001417200   -0.0006432900
   0.0000044900   -0.0000086900    0.0000095400
   0.0256620600    0.0148471600   -0.0416702700
  -0.0003153500   -0.0002641600   -0.0006432800
   0.0000225700    0.0000130600    0.0000019900
   0.0001094300   -0.0001530400    0.0001003300
   0.0000114100    0.0000066000    0.0000020000
  -0.0000053000    0.0000082200    0.0000095400
  -0.0000781300    0.0001711500    0.0001003300
   0.0004930900    0.0000526400   -0.0007985300
  -0.0000186300    0.0000331600   -0.0000021800
  -0.0306103500   -0.0177100600   -0.0436580100
   0.0002914000    0.0004012400   -0.0007985300
  -0.0000254100   -0.0000147000    0.0000015600
  -0.0000461200    0.0001332200    0.0000220700
  -0.0000214600   -0.0000124200   -0.0000166500
   0.0000194600   -0.0000326800   -0.0000021800
   0.0000925100   -0.0001063900    0.0000220700
   0.0003454600   -0.0326370300   -0.0426967800
  -0.0001442500    0.0000243600    0.0000332100
   0.0001783400    0.0000382900    0.0000502900
   0.0000097600    0.0000083100   -0.0000120800
  -0.0000144800    0.0000059300   -0.0000165200
  -0.0000002800   -0.0000258300    0.0000021800
  -0.0000789000    0.0002365700   -0.0008546200
   0.0000076400   -0.0000119300   -0.0000150100
   0.0001476300    0.0003703200   -0.0007284700
   0.0016367900    0.0009469800   -0.0018869100
  -0.0000006400   -0.0000315100   -0.0000142900
  -0.0019240400    0.0007474800   -0.0020210100
  -0.0000033100   -0.0000203400   -0.0000672300
  -0.0000276400    0.0000151600   -0.0000142900
   0.0000267700    0.0000154900   -0.0000138300
  -0.0000192800    0.0000072800   -0.0000672400
  -0.0000010700   -0.0000006100   -0.0000435800
  -0.0003109800   -0.0020405700   -0.0020210100
  -0.0281219600    0.0165665300   -0.0426967400
  -0.0000020700   -0.0000155100   -0.0000165200
   0.0003946300   -0.0000565800   -0.0007284500
   0.0001657600   -0.0001863100   -0.0008546400
  -0.0000507800   -0.0001372100    0.0000332100
  -0.0000225300    0.0000126400    0.0000021800
   0.0000120800    0.0000043100   -0.0000120900
  -0.0000065400    0.0000125700   -0.0000150100
   0.0001220800    0.0001355200    0.0000502900

37   
  0.0100000000000000   0.0000000000000000   0.0000000000000000
   0.0345394100   -0.0125529200   -0.0266029900
   0.0003954800    0.0003051800    0.0004981700
   0.0000255100   -0.0000298100   -0.0000195400
   0.0000341600    0.0000137600    0.0000061600
   0.0000198300    0.0001155800    0.0000736500
   0.0000029800   -0.0000244200   -0.0000244400
   0.0005671800   -0.0009891900    0.0005802800
  -0.0000393100    0.0000063900   -0.0000320100
  -0.0001050800   -0.0001583000   -0.0000920800
   0.0002247800    0.0006144900   -0.0001939500
   0.0001805500   -0.0006534800    0.0001397300
  -0.0000460200   -0.0000016100   -0.0000066900
  -0.0000186100   -0.0000115700    0.0000309800
  -0.0000266200    0.0000083100   -0.0000052800
   0.0000033300    0.0000246800   -0.0000261000
   0.0123276300   -0.0006659700   -0.0000359900
  -0.0000603600    0.0000465200    0.0001387000
  -0.0001206700   -0.0000229500   -0.0001691200
   0.0351781400    0.0131132700    0.0265617800
   0.0000133200    0.0000240600    0.0000039500
   0.0003466200   -0.0003652900   -0.0003784400
   0.0000034800   -0.0000376300   -0.0000776300
   0.0000152200    0.0000012100   -0.0000061000
  -0.0000039800    0.0000301800    0.0000112800
  -0.0001257300    0.0001390300    0.0001104000
  -0.0000358900   -0.0000010900    0.0000223400
   0.0005840600    0.0007919200   -0.0003066100
  -0.0034355700   -0.0000949300   -0.0002161700
  -0.0000590900   -0.0000296600   -0.0000504800
  -0.0000581500    0.0000077900    0.0000314300
  -0.0000375900    0.0000338300   -0.0000285100
  -0.0000167500   -0.0000142300    0.0000308700
  -0.0000110900    0.0000018100    0.0000014800
   0.0007057500   -0.0024640800    0.0014019500
  -0.0000636900    0.0000017800   -0.0000009100
   0.0006391800    0.0022610300   -0.0015184300
  -0.0947147100    0.0020226500   -0.0005185200
  -0.0000233200   -0.0000323100    0.0000008900
  -0.0000230500    0.0000192600   -0.0000342400
   0.0000200200   -0.0000118600   -0.0000850900
   0.0000091400    0.0000030400    0.0000682700
   0.0000103500   -0.0000044400    0.0000017500
   0.0000198900    0.0000907300   -0.0001218000
   0.0000103800   -0.0000048000    0.0000000400
   0.0000088000   -0.0000493600    0.0000565400
  -0.0008037200    0.0021367300    0.0020327400
  -0.0000009800   -0.0000123500    0.0000070100
   0.0000732400   -0.0000986100    0.0000033000
   0.0000039400   -0.0000236500    0.0000104600
  -0.0000076400    0.0000083700    0.0000047500
   0.0000036100    0.0000120800    0.0000021500
   0.0000720700   -0.0001206400    0.0000261400
  -0.0000005700    0.0000133700    0.0000036800
  -0.0007877000    0.0002676600    0.0003764000
   0.0012206600   -0.0040316500   -0.0003873700
  -0.0001444700   -0.0000131400   -0.0000329000
   0.0000421000   -0.0000198400   -0.0000005700
   0.0000266300   -0.0000378400   -0.0000134800
  -0.0000030000    0.0000061000    0.0000064900
  -0.0000029400    0.0000037600    0.0000029400
   0.0012087800   -0.0041978700    0.0004582700
   0.0000425300   -0.0000227200    0.0000009700
  -0.0001423600   -0.0000134100    0.0000849100
   0.0009940900   -0.0007553400    0.0016244700
   0.0000128800   -0.0000033600    0.0000023500
   0.0009982500    0.0010884900   -0.0014518900
  -0.0000673500   -0.0000212500   -0.0000486100
   0.0000010400    0.0000127200    0.0000074500
   0.0000047400   -0.0000237300   -0.0000049300
   0.0000047100    0.0000113600    0.0000097800
   0.0000011000   -0.0000131100   -0.0000069600
  -0.0000677100   -0.0000392100    0.0000060100
   0.0068874900    0.0001543500    0.0012933000
   0.0000565700    0.0000063100    0.0000027200
   0.0067126600   -0.0002630400   -0.0011926600
  -0.0000176000   -0.0000282100    0.0000463900
   0.0000356400    0.0000255200    0.0000121500
   0.0000302000   -0.0000288200   -0.0000081500
   0.0000477700   -0.0000073800   -0.0000057600
   0.0000348300    0.0000240900    0.0000146000
  -0.0000903700   -0.0000306200   -0.0000036400
  -0.0008348300   -0.0025280400   -0.0015466200
   0.0001009900    0.0000691800    0.0000457200
   0.0000104000    0.0000150700   -0.0000046300
  -0.0000009900   -0.0000069100    0.0000033800
   0.0000023700    0.0000126800   -0.0000122700
  -0.0000040000   -0.0000225100    0.0000021500
  -0.0012689300   -0.0000978100   -0.0003321900
   0.0000067200   -0.0000138700    0.0000060500
   0.0001047800    0.0000749200   -0.0000438900
   0.0008199000    0.0031058100    0.0005712500
   0.0000504200    0.0000140300    0.0000107200
  -0.0002037300    0.0000718800    0.0000277700
   0.0000096300   -0.0000005100   -0.0000106500
   0.0000211800    0.0000126800    0.0000203000
   0.0000036000   -0.0000184400    0.0000012500
  -0.0001503300    0.0001413700   -0.0000695700
   0.0000389700    0.0000167500    0.0000005300
   0.0010152000    0.0037020400   -0.0007656300
  -0.0028096300    0.0000238700   -0.0000206900
   0.0000481800   -0.0001256600   -0.0000217600
   0.0000708800    0.0001586200    0.0000362600
  -0.0000557300   -0.0002181600    0.0000560300
  -0.0000760500    0.0002114900   -0.0000460000
   0.0000172800   -0.0000016700    0.0000020800
  -0.0000937400    0.0000892100   -0.0000230100
   0.0000186700    0.0000012700   -0.0000003200
  -0.0000803800   -0.0001088600    0.0000116100

37   
 -0.0100000000000000   0.0000000000000000   0.0000000000000000
  -0.0352290100    0.0129362400    0.0275104900
  -0.0003633500   -0.0002956300   -0.0004965800
  -0.0000273600    0.0000319000    0.0000196400
  -0.0000355700   -0.0000142900   -0.0000064900
  -0.0000221800   -0.0001138400   -0.0000738500
  -0.0000031000    0.0000241000    0.0000241000
  -0.0005569300    0.0009769600   -0.0005668400
   0.0000395100   -0.0000065800    0.0000318000
   0.0001059600    0.0001593800    0.0000931000
  -0.0002370200   -0.0006200000    0.0001963200
  -0.0001711800    0.0006460200   -0.0001419300
   0.0000459900    0.0000012300    0.0000063800
   0.0000187800    0.0000106000   -0.0000304300
   0.0000266700   -0.0000079100    0.0000048800
  -0.0000036100   -0.0000256100    0.0000265800
  -0.0123250200    0.0008040100   -0.0000267200
   0.0000596000   -0.0000470500   -0.0001368300
   0.0001222200    0.0000217100    0.0001711300
  -0.0344910300   -0.0127257100   -0.0256660500
  -0.0000116700   -0.0000221700   -0.0000038700
  -0.0003802900    0.0003770000    0.0003795300
  -0.0000016500    0.0000392100    0.0000764000
  -0.0000142000   -0.0000015900    0.0000053400
   0.0000042300   -0.0000305200   -0.0000115900
   0.0001249300   -0.0001380700   -0.0001091600
   0.0000357200    0.0000010300   -0.0000225500
  -0.0005946800   -0.0008014500    0.0003150500
   0.0034369000    0.0001343300    0.0001981600
   0.0000584300    0.0000290000    0.0000488500
   0.0000582400   -0.0000083700   -0.0000332200
   0.0000376800   -0.0000336000    0.0000279400
   0.0000166100    0.0000145500   -0.0000313600
   0.0000110100   -0.0000034000   -0.0000010300
  -0.0006699200    0.0024283400   -0.0013929600
   0.0000636800   -0.0000012000    0.0000005400
  -0.0006722700   -0.0022915900    0.0015242100
   0.0947119100   -0.0030686900   -0.0012860200
   0.0000231100    0.0000310900    0.0000017700
   0.0000233400   -0.0000201700    0.0000372400
  -0.0000201300    0.0000145200    0.0000863100
  -0.0000086100    0.0000002200   -0.0000670000
  -0.0000103800    0.0000047700   -0.0000017700
  -0.0000202600   -0.0000888100    0.0001204200
  -0.0000103400    0.0000044200   -0.0000003000
  -0.0000089500    0.0000506600   -0.0000576600
   0.0007838600   -0.0020888600   -0.0020076700
   0.0000006400    0.0000120700   -0.0000069800
  -0.0000689900    0.0000985500    0.0000002900
  -0.0000035900    0.0000230500   -0.0000106600
   0.0000075500   -0.0000083900   -0.0000046900
  -0.0000039200   -0.0000112900   -0.0000020600
  -0.0000701400    0.0001182600   -0.0000219100
   0.0000010700   -0.0000137300   -0.0000039100
   0.0007997100   -0.0002663800   -0.0003888500
  -0.0012148900    0.0040748900    0.0003894700
   0.0001411900    0.0000138300    0.0000337300
  -0.0000426400    0.0000204000    0.0000008400
  -0.0000264100    0.0000380500    0.0000134400
   0.0000028100   -0.0000059000   -0.0000067000
   0.0000028900   -0.0000038000   -0.0000032200
  -0.0012266200    0.0041802900   -0.0004715900
  -0.0000422100    0.0000219400   -0.0000013900
   0.0001432500    0.0000135700   -0.0000861500
  -0.0009989300    0.0007690400   -0.0016192400
  -0.0000129000    0.0000034300   -0.0000023600
  -0.0009947600   -0.0010782300    0.0014576900
   0.0000679800    0.0000163700    0.0000526500
  -0.0000009900   -0.0000123000   -0.0000074600
  -0.0000048600    0.0000241700    0.0000048400
  -0.0000048800   -0.0000108800   -0.0000099100
  -0.0000008900    0.0000134100    0.0000069300
   0.0000675800    0.0000401300   -0.0000043100
  -0.0067139400   -0.0001547600   -0.0012603200
  -0.0000565200   -0.0000071500   -0.0000026500
  -0.0068799900    0.0002622300    0.0012249000
   0.0000167600    0.0000302200   -0.0000442500
  -0.0000354400   -0.0000249800   -0.0000117800
  -0.0000302600    0.0000293500    0.0000085500
  -0.0000478000    0.0000073800    0.0000062500
  -0.0000348900   -0.0000242800   -0.0000142100
   0.0000909400    0.0000337700    0.0000024400
   0.0008608300    0.0025806900    0.0015608700
  -0.0001040100   -0.0000691600   -0.0000412700
  -0.0000101300   -0.0000155200    0.0000047700
   0.0000010700    0.0000068700   -0.0000033800
  -0.0000025700   -0.0000131400    0.0000121400
   0.0000041700    0.0000231800   -0.0000021500
   0.0012544600    0.0001001100    0.0003191100
  -0.0000071800    0.0000134700   -0.0000062100
  -0.0001065100   -0.0000762800    0.0000482700
  -0.0008272800   -0.0030754000   -0.0005597400
  -0.0000498900   -0.0000139600   -0.0000104000
   0.0002092800   -0.0000721000   -0.0000260500
  -0.0000095600    0.0000005800    0.0000107800
  -0.0000214200   -0.0000124900   -0.0000201300
  -0.0000034200    0.0000186100   -0.0000012200
   0.0001492800   -0.0001391100    0.0000682800
  -0.0000393300   -0.0000172400   -0.0000007400
  -0.0010005700   -0.0037173300    0.0007609400
   0.0028073800   -0.0000221300   -0.0000468800
  -0.0000493600    0.0001241200    0.0000210200
  -0.0000699600   -0.0001602700   -0.0000373800
   0.0000569300    0.0002188800   -0.0000566800
   0.0000743600   -0.0002107900    0.0000455500
  -0.0000172700    0.0000019200   -0.0000020400
   0.0000920600   -0.0000890400    0.0000222400
  -0.0000187200   -0.0000014400    0.0000004600
   0.0000816400    0.0001084900   -0.0000120500

37   
  0.0000000000000000   0.0000000000000000   0.0100000000000000
  -0.0271183900    0.0158972900    0.0417656800
  -0.0002206600    0.0000893500    0.0006686500
   0.0000308000   -0.0000535500   -0.0000221800
   0.0000503000    0.0000211100   -0.0000119300
   0.0000199900   -0.0000888900   -0.0000341100
   0.0000008200    0.0000064200    0.0000012600
  -0.0001725400    0.0006008900    0.0004722800
  -0.0000195200    0.0000053600    0.0000037200
   0.0000869300    0.0000270300   -0.0000594900
   0.0004349400   -0.0004490700    0.0004722700
  -0.0000325200   -0.0002358300    0.0006686500
   0.0000059600   -0.0000024900    0.0000012700
   0.0000433700    0.0000330900   -0.0000119300
  -0.0000050800   -0.0000195900    0.0000037100
  -0.0000310800    0.0000534000   -0.0000221800
   0.0002654700   -0.0314334200    0.0417657000
  -0.0000671000    0.0000616300   -0.0000341100
   0.0000667500    0.0000618900   -0.0000594900
   0.0266907500    0.0154423100    0.0426390200
  -0.0000191300   -0.0000524800   -0.0000084900
   0.0003207200    0.0000174400    0.0006552700
  -0.0000270900   -0.0001024200   -0.0001009000
  -0.0000550200    0.0000095800   -0.0000084900
  -0.0000021800   -0.0000012700   -0.0000016000
  -0.0001023000    0.0000275700   -0.0001009000
   0.0000227800    0.0000131900   -0.0000015900
   0.0001749600    0.0002693500    0.0006552700
   0.0000840700    0.0004500200    0.0020610900
   0.0000424800    0.0000245800    0.0000283600
  -0.0000101600    0.0000266700    0.0000024000
  -0.0000149300   -0.0000086300    0.0000141600
   0.0000058800    0.0000021000    0.0000074500
   0.0000180500   -0.0000221200    0.0000023900
   0.0004320400   -0.0001514100    0.0020610900
   0.0000047500    0.0000040600    0.0000074500
  -0.0007386500   -0.0004273500    0.0020456900
   0.0003883200    0.0002246900   -0.1316091800
  -0.0000372700    0.0000862800   -0.0001873100
   0.0000010000    0.0000781700   -0.0001873800
  -0.0001196400   -0.0000315800   -0.0001183900
   0.0000562300   -0.0000753100   -0.0001873000
   0.0000001900    0.0000001100    0.0000071400
  -0.0000870200   -0.0000879800   -0.0001183900
   0.0000017300    0.0000010000    0.0000070500
   0.0000682700   -0.0000381000   -0.0001873600
  -0.0003806600    0.0018931500    0.0004093600
  -0.0000036800    0.0000103500    0.0000117400
  -0.0000249900    0.0000719300   -0.0002429200
  -0.0000020600    0.0000068900    0.0000136600
  -0.0000048000    0.0000000200    0.0000157800
  -0.0000106900   -0.0000054700    0.0000134600
   0.0000015100   -0.0000067200   -0.0002400700
  -0.0000071300   -0.0000047000    0.0000119400
  -0.0020128100   -0.0007095300    0.0004098400
   0.0004741800   -0.0007325300   -0.0030026100
   0.0000846000    0.0000489500    0.0000416100
   0.0000012800    0.0000071900   -0.0000165700
  -0.0000135500   -0.0000078400    0.0000003300
   0.0000029100   -0.0000026700   -0.0000160600
   0.0000068700   -0.0000024700   -0.0000165700
  -0.0003987100    0.0007762000   -0.0030026100
  -0.0000008700    0.0000038600   -0.0000160600
  -0.0000328300   -0.0000189900    0.0000401900
   0.0014515100   -0.0012735900    0.0004093600
  -0.0000023800   -0.0000041600    0.0000157900
  -0.0016183400   -0.0013913200    0.0004098400
  -0.0000050800    0.0000046600   -0.0002400700
   0.0000071400   -0.0000083400    0.0000117400
  -0.0000100700   -0.0000065400    0.0000134600
   0.0000049500   -0.0000052200    0.0000136600
  -0.0000076200   -0.0000038300    0.0000119400
   0.0000499000   -0.0000575200   -0.0002429200
  -0.0007128600   -0.0002102700   -0.0037447000
  -0.0000041000    0.0000197600    0.0000074600
   0.0006341000   -0.0004340500   -0.0032973400
  -0.0000194100    0.0000096100    0.0000666600
   0.0000019100   -0.0000059200   -0.0000237300
  -0.0000103600   -0.0000035000   -0.0000242900
   0.0000000200   -0.0000047400   -0.0000249500
  -0.0000044500   -0.0000071600   -0.0000294200
  -0.0000564200   -0.0001562700   -0.0000112100
   0.0004220500    0.0023947900    0.0004789500
   0.0000767500    0.0000444000   -0.0002144800
  -0.0000070800    0.0000123100    0.0000169900
   0.0000026000    0.0000015000    0.0000079800
   0.0000042100    0.0000031600    0.0000050100
   0.0000071400   -0.0000122800    0.0000169900
   0.0022864900   -0.0008277300    0.0004789600
   0.0000048400    0.0000020700    0.0000050100
   0.0000400600    0.0000231700   -0.0002862400
  -0.0005376100   -0.0005132200   -0.0037447000
  -0.0000041800    0.0000046100   -0.0000237400
  -0.0001635900    0.0000289800   -0.0000112000
  -0.0000041000    0.0000023700   -0.0000249500
   0.0000150900   -0.0000134100    0.0000074700
  -0.0000081900   -0.0000072300   -0.0000242900
  -0.0000013400   -0.0000216100    0.0000666600
  -0.0000084300   -0.0000002700   -0.0000294300
  -0.0000602400    0.0007660800   -0.0032973200
   0.0000935700    0.0000541600    0.0157445200
   0.0000045800    0.0000589100    0.0000217100
   0.0000023900    0.0000333500    0.0000107400
  -0.0000498900    0.0000130800    0.0000434400
   0.0000533600   -0.0000254000    0.0000217200
  -0.0000020400   -0.0000011700    0.0000009500
  -0.0000135200   -0.0000497800    0.0000434400
   0.0000026100    0.0000015100   -0.0000050400
   0.0000301000   -0.0000145500    0.0000107400

37   
  0.0000000000000000   0.0000000000000000  -0.0100000000000000
   0.0261628200   -0.0153573300   -0.0408425000
   0.0002473100   -0.0000949000   -0.0006542200
  -0.0000304600    0.0000533200    0.0000247800
  -0.0000503500   -0.0000210900    0.0000153300
  -0.0000175200    0.0000855300    0.0000337600
  -0.0000016700   -0.0000062000   -0.0000007000
   0.0001957700   -0.0006209100   -0.0004568800
   0.0000196600   -0.0000054500   -0.0000031700
  -0.0000834100   -0.0000287000    0.0000586100
  -0.0004407100    0.0004792000   -0.0004568700
   0.0000410000    0.0002617100   -0.0006542300
  -0.0000062100    0.0000016500   -0.0000007000
  -0.0000433800   -0.0000331300    0.0000153300
   0.0000050700    0.0000197600   -0.0000031700
   0.0000310400   -0.0000529800    0.0000247800
  -0.0002736500    0.0303358900   -0.0408425000
   0.0000654200   -0.0000578100    0.0000337700
  -0.0000664600   -0.0000580100    0.0000586100
  -0.0257425700   -0.0148937200   -0.0417054400
   0.0000188800    0.0000525400    0.0000108100
  -0.0003480600   -0.0000255600   -0.0006429100
   0.0000240200    0.0001005800    0.0001005800
   0.0000549700   -0.0000098200    0.0000108100
   0.0000025900    0.0000015000    0.0000022900
   0.0000991600   -0.0000292900    0.0001005900
  -0.0000226600   -0.0000131000    0.0000021500
  -0.0001956500   -0.0002890000   -0.0006429100
  -0.0000870700   -0.0004930800   -0.0020570600
  -0.0000415300   -0.0000240200   -0.0000242100
   0.0000095000   -0.0000260600    0.0000023900
   0.0000147800    0.0000085600   -0.0000132500
  -0.0000055600   -0.0000022200   -0.0000066100
  -0.0000178600    0.0000212100    0.0000023900
  -0.0004708700    0.0001702900   -0.0020570700
  -0.0000046900   -0.0000037100   -0.0000066100
   0.0007748800    0.0004483200   -0.0020382800
  -0.0003785000   -0.0002190200    0.1286888500
   0.0000341800   -0.0000865300    0.0001835200
   0.0000020300   -0.0000783900    0.0001834300
   0.0001225900    0.0000268100    0.0001142500
  -0.0000579900    0.0000727800    0.0001835000
  -0.0000001600   -0.0000000900   -0.0000074200
   0.0000843400    0.0000929100    0.0001142500
  -0.0000017600   -0.0000010100   -0.0000075300
  -0.0000669700    0.0000408400    0.0001834200
   0.0003847300   -0.0019028200   -0.0004107100
   0.0000039300   -0.0000101300   -0.0000119800
   0.0000229700   -0.0000724800    0.0002406800
   0.0000020800   -0.0000068500   -0.0000134300
   0.0000046400    0.0000000300   -0.0000158400
   0.0000105200    0.0000051200   -0.0000136400
   0.0000046500    0.0000034400    0.0002435300
   0.0000068800    0.0000045400   -0.0000117800
   0.0020272000    0.0007091100   -0.0004102200
  -0.0004554800    0.0006976100    0.0029648100
  -0.0000863400   -0.0000499500   -0.0000437400
  -0.0000010100   -0.0000066900    0.0000155400
   0.0000133700    0.0000077400   -0.0000011500
  -0.0000032700    0.0000024200    0.0000160400
  -0.0000063000    0.0000024700    0.0000155400
   0.0003777700   -0.0007425700    0.0029648100
   0.0000004600   -0.0000040300    0.0000160400
   0.0000337300    0.0000195200   -0.0000451300
  -0.0014578700    0.0012819500   -0.0004107000
   0.0000023300    0.0000040200   -0.0000158400
   0.0016251500    0.0014040100   -0.0004102200
   0.0000053000    0.0000023200    0.0002435300
  -0.0000068300    0.0000084600   -0.0000119800
   0.0000096800    0.0000065700   -0.0000136400
  -0.0000049000    0.0000052100   -0.0000134300
   0.0000073600    0.0000037000   -0.0000117700
  -0.0000513900    0.0000560400    0.0002406800
   0.0006890400    0.0002134300    0.0037008700
   0.0000041200   -0.0000194900   -0.0000084300
  -0.0006101800    0.0004386700    0.0032588000
   0.0000192400   -0.0000094800   -0.0000715300
  -0.0000019100    0.0000055000    0.0000226000
   0.0000104900    0.0000031000    0.0000231200
  -0.0000005200    0.0000050300    0.0000250800
   0.0000046000    0.0000075700    0.0000294700
   0.0000566700    0.0001599000    0.0000079300
  -0.0004304700   -0.0023987700   -0.0004768900
  -0.0000763100   -0.0000441500    0.0002097600
   0.0000068800   -0.0000119000   -0.0000174200
  -0.0000024800   -0.0000014400   -0.0000082500
  -0.0000042500   -0.0000030500   -0.0000051000
  -0.0000068900    0.0000118900   -0.0000174200
  -0.0022941300    0.0008224200   -0.0004768700
  -0.0000047600   -0.0000021700   -0.0000051000
  -0.0000451100   -0.0000261000    0.0002865600
   0.0005284700    0.0004909800    0.0037008500
   0.0000038200   -0.0000044000    0.0000225900
   0.0001668700   -0.0000305600    0.0000079300
   0.0000041100   -0.0000029600    0.0000250800
  -0.0000148400    0.0000132900   -0.0000084500
   0.0000079200    0.0000075600    0.0000231100
   0.0000013800    0.0000214100   -0.0000715300
   0.0000088500    0.0000002200    0.0000294600
   0.0000761700   -0.0007476400    0.0032587800
  -0.0000944500   -0.0000546400   -0.0154383000
  -0.0000045500   -0.0000580900   -0.0000212400
  -0.0000019900   -0.0000328100   -0.0000100300
   0.0000494500   -0.0000128300   -0.0000440300
  -0.0000526200    0.0000250000   -0.0000212400
   0.0000021500    0.0000012500   -0.0000010600
   0.0000135300    0.0000492600   -0.0000440300
  -0.0000026800   -0.0000015600    0.0000048900
  -0.0000294400    0.0000146300   -0.0000100400

73   
  0.0100000000000000   0.0000000000000000   0.0000000000000000
   0.0007915400   -0.0003253700   -0.0004972700
   0.0438278400    0.0160627400    0.0307001800
   0.0000510500    0.0000387500    0.0000195400
   0.0000005500    0.0000256000    0.0000210200
   0.0000990900   -0.0000939200   -0.0000937300
   0.0000362600    0.0000219000   -0.0000192800
   0.0004924000    0.0009827600   -0.0002920300
  -0.0001630300    0.0001438000    0.0000458500
  -0.0000565700   -0.0000199700    0.0000253000
  -0.0000714600    0.0000491100    0.0000196100
  -0.0041877100    0.0001128500    0.0003059700
  -0.0000739200   -0.0000247400   -0.0000005200
  -0.0000252000   -0.0000075300    0.0000032500
  -0.0000231800    0.0000199800   -0.0000269700
  -0.0000370900   -0.0000330600    0.0000271700
   0.0003436200    0.0027700400   -0.0016284600
   0.0003637200   -0.0025790200    0.0019248500
  -0.0000739400    0.0000015600    0.0000002800
   0.0421555700   -0.0154188700   -0.0280386700
   0.0008520300    0.0004391700    0.0003886600
   0.0000365200   -0.0000331600   -0.0000010300
   0.0000012000   -0.0000317800    0.0000121500
   0.0000913800    0.0000430100    0.0001208700
  -0.0000019300   -0.0000274700   -0.0000068500
   0.0005091500   -0.0008296600    0.0001675600
  -0.0000529700    0.0000188700   -0.0000227000
  -0.0001850800   -0.0001244100   -0.0000507800
   0.0000226700    0.0005446500   -0.0000778800
   0.0000466000   -0.0005371700    0.0001473100
  -0.0000471600    0.0000029100    0.0000073400
  -0.0000127800   -0.0000212300    0.0000100300
  -0.0000282100   -0.0000054200   -0.0000004300
  -0.0000154100    0.0000044400   -0.0000144200
   0.0162608900    0.0007316200    0.0003333000
  -0.0001255200    0.0000807100    0.0001788100
  -0.0000602600   -0.0001038200   -0.0001422800
   0.0067100500   -0.0003448700   -0.0006972800
   0.0068827200    0.0003814100    0.0006256800
   0.0000563800   -0.0000080400   -0.0000042200
   0.0000473300   -0.0000222500    0.0000002100
  -0.0000901400    0.0000057200   -0.0000560500
   0.0000346000    0.0000197600   -0.0000044900
  -0.0000174000    0.0000651900   -0.0000206900
   0.0000299700   -0.0000341100   -0.0000102400
   0.0000352300    0.0000223300    0.0000021300
  -0.0012485100   -0.0022841200   -0.0022741600
   0.0001043000    0.0000752700   -0.0000413100
   0.0000069700    0.0000101100   -0.0000048200
  -0.0000011700   -0.0000070200   -0.0000024700
  -0.0000041900    0.0000233200   -0.0000071400
   0.0000024000   -0.0000107300   -0.0000041300
  -0.0008528400   -0.0003367000   -0.0004336800
   0.0000099500   -0.0000312200    0.0000068200
   0.0001015900    0.0000680000   -0.0000738100
  -0.0001477800    0.0000464800   -0.0000008700
   0.0010061400    0.0030818900   -0.0000697800
   0.0000392000    0.0000218900   -0.0000085800
   0.0000093400    0.0000145800   -0.0000042500
   0.0000031900   -0.0000138200   -0.0000081300
   0.0000212600    0.0000269600    0.0000149300
   0.0008306000    0.0035829100   -0.0005388900
  -0.0002074400    0.0000350600   -0.0001660500
   0.0000498300    0.0000165400   -0.0000041600
  -0.0028080300    0.0000199800   -0.0001159200
   0.0000701700   -0.0001968900   -0.0000019900
   0.0000490000    0.0001389400   -0.0000041900
  -0.0000917900   -0.0001972800    0.0000139700
  -0.0000819200    0.0002470300   -0.0000294800
   0.0000185100    0.0000014400   -0.0000025800
  -0.0000570100    0.0000679300    0.0000493300
   0.0000171400   -0.0000019400    0.0000020800
  -0.0000744800   -0.0000534800   -0.0000531900
  -0.1134003300   -0.0031612000   -0.0022332500
  -0.0000495600    0.0000003500    0.0000583100
  -0.0000462800    0.0000253400   -0.0000121500
   0.0000059300    0.0000089900   -0.0000424800
   0.0000267500   -0.0000161600    0.0000911200
   0.0000151400    0.0000028300   -0.0000020000
   0.0000058300    0.0000190300    0.0000001900
   0.0000151100    0.0000025200    0.0000007000
   0.0000271500   -0.0000416200    0.0000566300
   0.0001572700   -0.0000366900    0.0000000100
  -0.0013343500    0.0028675500    0.0017794600
   0.0000205000   -0.0000146700    0.0000022900
  -0.0000029900    0.0000187400    0.0000037700
  -0.0000030000   -0.0000141800    0.0000130400
   0.0000049700    0.0000066900   -0.0000064300
  -0.0013098000    0.0001676500    0.0002554300
   0.0001575600   -0.0000324700    0.0000530800
   0.0000207200    0.0000296400   -0.0000111100
   0.0007491600   -0.0023241000   -0.0001589400
  -0.0002417100   -0.0001487500   -0.0000261600
   0.0000489200   -0.0000123000    0.0000017600
   0.0000251800   -0.0000057200   -0.0000213400
   0.0000113200    0.0000094000    0.0000145500
   0.0000115000    0.0000028000    0.0000026900
   0.0007421400   -0.0032395100    0.0005805300
   0.0000494200   -0.0000194100    0.0000048600
  -0.0002368600   -0.0001455000    0.0001162200
   0.0016068900    0.0011585800   -0.0016896800
   0.0016062100   -0.0015072600    0.0015591900
   0.0000088200    0.0000046900   -0.0000033500
   0.0000113700   -0.0000219700   -0.0000022500
   0.0000312300    0.0000349000    0.0000103300
   0.0000145000    0.0000335200   -0.0000007600
   0.0000314800    0.0000405300   -0.0000124700
   0.0000112200    0.0000103300    0.0000205300
   0.0000146400   -0.0000107300   -0.0000208100

73   
 -0.0100000000000000   0.0000000000000000   0.0000000000000000
  -0.0008329500    0.0003352100    0.0005029400
  -0.0428265300   -0.0155201700   -0.0296142700
  -0.0000485300   -0.0000365300   -0.0000192100
  -0.0000006400   -0.0000261400   -0.0000215000
  -0.0000961500    0.0000962000    0.0000942300
  -0.0000339000   -0.0000216500    0.0000183600
  -0.0005028700   -0.0009891000    0.0003017700
   0.0001617700   -0.0001426900   -0.0000448200
   0.0000564700    0.0000200800   -0.0000253400
   0.0000725700   -0.0000492900   -0.0000206600
   0.0041854700   -0.0000625900   -0.0003186300
   0.0000738600    0.0000247700   -0.0000005500
   0.0000252200    0.0000068000   -0.0000033700
   0.0000234200   -0.0000194600    0.0000264700
   0.0000369100    0.0000335100   -0.0000275800
  -0.0003852800   -0.0028129300    0.0016372500
  -0.0003255800    0.0025406900   -0.0019175200
   0.0000739100   -0.0000011200   -0.0000007300
  -0.0431507900    0.0159624600    0.0291000400
  -0.0008087400   -0.0004254400   -0.0003831300
  -0.0000387800    0.0000355400    0.0000012800
  -0.0000033000    0.0000320000   -0.0000134200
  -0.0000943800   -0.0000408400   -0.0001212100
   0.0000018700    0.0000269000    0.0000064200
  -0.0004980600    0.0008246400   -0.0001604000
   0.0000529500   -0.0000185700    0.0000225200
   0.0001861300    0.0001257000    0.0000516400
  -0.0000260700   -0.0005497700    0.0000761600
  -0.0000399400    0.0005329300   -0.0001445500
   0.0000472300   -0.0000030400   -0.0000079200
   0.0000131200    0.0000200800   -0.0000100000
   0.0000281300    0.0000058800    0.0000001300
   0.0000149600   -0.0000055600    0.0000143900
  -0.0162616700   -0.0005775500   -0.0003814500
   0.0001243800   -0.0000826600   -0.0001770500
   0.0000604300    0.0001027000    0.0001440600
  -0.0068910000    0.0003455300    0.0007047500
  -0.0067095300   -0.0003837900   -0.0006186800
  -0.0000564500    0.0000071900    0.0000040000
  -0.0000476000    0.0000227500   -0.0000003100
   0.0000909700   -0.0000049800    0.0000570400
  -0.0000345400   -0.0000192400    0.0000045500
   0.0000168400   -0.0000627000    0.0000179600
  -0.0000298300    0.0000336600    0.0000105800
  -0.0000352700   -0.0000225100   -0.0000016700
   0.0012750600    0.0023485600    0.0023066900
  -0.0001070200   -0.0000758500    0.0000439300
  -0.0000066600   -0.0000106400    0.0000047000
   0.0000014600    0.0000068500    0.0000026100
   0.0000041800   -0.0000238200    0.0000069100
  -0.0000023000    0.0000114400    0.0000042700
   0.0008426000    0.0003370500    0.0004188900
  -0.0000102800    0.0000309200   -0.0000070900
  -0.0001034300   -0.0000703200    0.0000791800
   0.0001522700   -0.0000478300    0.0000018500
  -0.0010093500   -0.0030474700    0.0000666200
  -0.0000387400   -0.0000214500    0.0000086900
  -0.0000093300   -0.0000145100    0.0000039600
  -0.0000033100    0.0000137100    0.0000079700
  -0.0000214900   -0.0000267800   -0.0000149800
  -0.0008158700   -0.0035975900    0.0005271500
   0.0002059100   -0.0000340100    0.0001644900
  -0.0000501200   -0.0000171100    0.0000038300
   0.0028098000   -0.0000262200    0.0000721600
  -0.0000704400    0.0001946900    0.0000025300
  -0.0000482900   -0.0001407100    0.0000048100
   0.0000941000    0.0001977500   -0.0000131600
   0.0000804200   -0.0002460100    0.0000301900
  -0.0000185200   -0.0000012500    0.0000026700
   0.0000557100   -0.0000682500   -0.0000499300
  -0.0000170700    0.0000016600   -0.0000020600
   0.0000762300    0.0000537600    0.0000526500
   0.1134037200    0.0017530800    0.0000684400
   0.0000462200   -0.0000004900   -0.0000527600
   0.0000494900   -0.0000260100    0.0000169300
  -0.0000061200   -0.0000069100    0.0000450800
  -0.0000269200    0.0000176700   -0.0000881300
  -0.0000151400   -0.0000025500    0.0000020600
  -0.0000062300   -0.0000181200   -0.0000004800
  -0.0000151700   -0.0000028600   -0.0000009600
  -0.0000265400    0.0000427000   -0.0000569500
  -0.0001560300    0.0000354500    0.0000039300
   0.0012986700   -0.0027942900   -0.0017608800
  -0.0000207500    0.0000140100   -0.0000022500
   0.0000030000   -0.0000181100   -0.0000036300
   0.0000030100    0.0000137900   -0.0000131300
  -0.0000052300   -0.0000068500    0.0000064400
   0.0013229600   -0.0001665700   -0.0002710600
  -0.0001557200    0.0000313400   -0.0000475900
  -0.0000205200   -0.0000300200    0.0000108700
  -0.0007454400    0.0023519900    0.0001636600
   0.0002342200    0.0001456600    0.0000277900
  -0.0000495100    0.0000126800   -0.0000016000
  -0.0000250100    0.0000057900    0.0000216500
  -0.0000115200   -0.0000092600   -0.0000144500
  -0.0000113300   -0.0000028300   -0.0000027300
  -0.0007522400    0.0032237800   -0.0005855900
  -0.0000490100    0.0000185700   -0.0000049600
   0.0002390100    0.0001489000   -0.0001177400
  -0.0016056600   -0.0011420600    0.0017003200
  -0.0016063400    0.0015189100   -0.0015493700
  -0.0000088300   -0.0000045700    0.0000035400
  -0.0000112200    0.0000224400    0.0000020700
  -0.0000316500   -0.0000369100   -0.0000048100
  -0.0000147000   -0.0000330800    0.0000004800
  -0.0000314200   -0.0000396300    0.0000134500
  -0.0000113600   -0.0000100900   -0.0000205100
  -0.0000145500    0.0000110200    0.0000206200

73   
  0.0000000000000000   0.0000000000000000   0.0100000000000000
  -0.0001567300    0.0000686300    0.0007978100
   0.0293722800    0.0169937500    0.0436092200
  -0.0000546500   -0.0000607800    0.0000039000
   0.0000260300    0.0000150700    0.0000169700
  -0.0000498200   -0.0001094500   -0.0000225200
  -0.0000799300   -0.0000170800    0.0000039000
  -0.0000186200   -0.0001700800    0.0007978000
  -0.0001197200    0.0000113700   -0.0000225200
   0.0000103500    0.0000059900   -0.0000016500
  -0.0000716700    0.0000084000    0.0000680500
  -0.0000505300    0.0005153300    0.0020257000
   0.0000209800    0.0000121400    0.0000446100
  -0.0000284400   -0.0000663100    0.0000680500
  -0.0000050800   -0.0000029400    0.0000142000
   0.0000114000   -0.0000137700    0.0000145700
  -0.0000459900   -0.0000266000    0.0018836200
   0.0004215700   -0.0003006600    0.0020257000
  -0.0000062500    0.0000167500    0.0000145600
  -0.0284295300    0.0163302700    0.0434506800
   0.0001071600   -0.0000469500    0.0007376500
   0.0000409800   -0.0000557600    0.0000173500
   0.0000922600   -0.0000443900    0.0000130500
   0.0000707200   -0.0001249400   -0.0000504200
  -0.0000215400    0.0000088500    0.0000152100
  -0.0000281900   -0.0005199700    0.0008603400
  -0.0000153200    0.0000139300   -0.0000022100
   0.0001526600    0.0000205400   -0.0000331600
  -0.0004648300    0.0002347400    0.0008603400
   0.0000127000    0.0001163000    0.0007376500
  -0.0000030500   -0.0000230900    0.0000152000
   0.0000074900    0.0001021200    0.0000130400
   0.0000044400   -0.0000202300   -0.0000022100
  -0.0000279200    0.0000633100    0.0000173500
  -0.0000126600   -0.0327858900    0.0434506800
  -0.0000730800    0.0001235900   -0.0000504200
   0.0000938900    0.0001221200   -0.0000331600
   0.0012806500   -0.0000810400   -0.0037420700
  -0.0012130900   -0.0001829200   -0.0032939400
   0.0000026700    0.0000218700    0.0000079700
  -0.0000060300   -0.0000090800   -0.0000255200
  -0.0000029100    0.0000316500   -0.0000122400
   0.0000144000   -0.0000077300   -0.0000300100
   0.0000449000   -0.0001034200    0.0000689700
  -0.0000084200    0.0000065400   -0.0000239700
   0.0000121100    0.0000055100   -0.0000233200
   0.0003222300    0.0015917100    0.0004812300
   0.0000458200    0.0000265000   -0.0002871300
  -0.0000062900    0.0000177900    0.0000049500
  -0.0000033300   -0.0000019300    0.0000082000
  -0.0000022600    0.0000066500    0.0000172600
   0.0000122900   -0.0000143100    0.0000049500
   0.0015405200   -0.0005139800    0.0004812200
   0.0000046400   -0.0000052800    0.0000172600
  -0.0000462400   -0.0000267500   -0.0002104900
  -0.0000672900    0.0000904800    0.0000689700
  -0.0007632000   -0.0009604800   -0.0032939400
   0.0000004800    0.0000163400   -0.0000300100
  -0.0000108800   -0.0000007000   -0.0000255200
   0.0000014700   -0.0000105500   -0.0000239600
   0.0000202900   -0.0000085800    0.0000079600
   0.0005680500    0.0011506200   -0.0037420800
   0.0000259900   -0.0000182900   -0.0000122400
   0.0000108100    0.0000077600   -0.0000233200
  -0.0000117700   -0.0000067900    0.0157553600
  -0.0000374500    0.0000071100    0.0000116200
   0.0000217700    0.0000404300    0.0000226200
   0.0000232900   -0.0000788800    0.0000455400
  -0.0000125100   -0.0000360000    0.0000116200
   0.0000003800    0.0000002200   -0.0000049300
  -0.0000567700    0.0000595100    0.0000455300
  -0.0000020700   -0.0000011900    0.0000011100
   0.0000459000   -0.0000012800    0.0000226200
  -0.0011660000   -0.0006745700   -0.1346091700
  -0.0000169400    0.0000735300   -0.0003397400
   0.0000578500    0.0000710500   -0.0003396500
   0.0000014900   -0.0000515600   -0.0003858800
   0.0000553400   -0.0000513500   -0.0003396900
   0.0000008000    0.0000004600    0.0000046200
  -0.0000439600    0.0000269900   -0.0003858700
  -0.0000019900   -0.0000011400    0.0000046100
   0.0000904500    0.0000147100   -0.0003396100
  -0.0000490600    0.0000206300   -0.0003148600
  -0.0002571900    0.0020956700    0.0005033100
   0.0000111900    0.0000177800    0.0000070300
  -0.0000131800   -0.0000163800    0.0000045800
  -0.0000036500    0.0000046600    0.0000046400
   0.0000063700    0.0000003400    0.0000048500
  -0.0017595500   -0.0007741800    0.0005022800
   0.0000041800    0.0000124700   -0.0003125900
  -0.0000021900    0.0000020200    0.0000071900
   0.0005788200   -0.0005239800   -0.0038106700
   0.0001143300    0.0000661600    0.0000269700
   0.0000050900    0.0000141000   -0.0000375300
  -0.0000215500   -0.0000124700   -0.0000032600
   0.0000024700    0.0000002800   -0.0000371000
   0.0000147500   -0.0000026000   -0.0000375300
  -0.0001657600    0.0007629800   -0.0038106500
   0.0000014600    0.0000020100   -0.0000371000
  -0.0000266000   -0.0000153800    0.0000250200
  -0.0015481700   -0.0011395500    0.0005022700
   0.0016886200   -0.0012675000    0.0005033100
   0.0000034700    0.0000053500    0.0000048700
  -0.0000207600   -0.0000032600    0.0000045700
   0.0000129000   -0.0000026000   -0.0003125900
   0.0000209900    0.0000008400    0.0000070300
  -0.0000065700   -0.0000528300   -0.0003148500
   0.0000022200   -0.0000054900    0.0000046500
   0.0000006600   -0.0000029200    0.0000071900

73   
  0.0000000000000000   0.0000000000000000  -0.0100000000000000
   0.0001106400   -0.0000676700   -0.0007887300
  -0.0284322500   -0.0164498900   -0.0429042200
   0.0000525300    0.0000605500   -0.0000010300
  -0.0000251100   -0.0000145200   -0.0000164400
   0.0000462700    0.0001060500    0.0000224400
   0.0000786700    0.0000153700   -0.0000010300
  -0.0000035200    0.0001296500   -0.0007887300
   0.0001150000   -0.0000127400    0.0000224400
  -0.0000104500   -0.0000060400    0.0000016900
   0.0000705300   -0.0000081300   -0.0000651000
   0.0000532100   -0.0005540900   -0.0020207100
  -0.0000204000   -0.0000118000   -0.0000411200
   0.0000281100    0.0000652000   -0.0000651000
   0.0000046500    0.0000026900   -0.0000134000
  -0.0000112100    0.0000135600   -0.0000137700
   0.0000838100    0.0000484900   -0.0018844400
  -0.0004538400    0.0003223100   -0.0020207100
   0.0000061700   -0.0000164700   -0.0000137700
   0.0275109500   -0.0157841600   -0.0427499100
  -0.0000595800    0.0000457200   -0.0007320100
  -0.0000391500    0.0000559100   -0.0000147700
  -0.0000909200    0.0000422500   -0.0000108400
  -0.0000668400    0.0001228400    0.0000503000
   0.0000209300   -0.0000083400   -0.0000145700
   0.0000495000    0.0004778000   -0.0008542300
   0.0000152800   -0.0000139300    0.0000023900
  -0.0001482700   -0.0000217100    0.0000335300
   0.0004388900   -0.0001952200   -0.0008542300
   0.0000099400   -0.0000744300   -0.0007320100
   0.0000032200    0.0000222900   -0.0000145700
  -0.0000086900   -0.0000998700   -0.0000108400
  -0.0000044700    0.0000201900    0.0000023900
   0.0000289500   -0.0000618100   -0.0000147700
   0.0000282500    0.0317173600   -0.0427499200
   0.0000731700   -0.0001191700    0.0000503000
  -0.0000927200   -0.0001177100    0.0000335300
  -0.0012716800    0.0000823500    0.0037034600
   0.0012031500    0.0001884000    0.0032621200
  -0.0000026900   -0.0000216700   -0.0000085500
   0.0000060300    0.0000087200    0.0000247800
   0.0000031500   -0.0000338700    0.0000070600
  -0.0000144200    0.0000073200    0.0000291300
  -0.0000457100    0.0001076600   -0.0000691400
   0.0000082500   -0.0000059100    0.0000237000
  -0.0000118300   -0.0000050500    0.0000232700
  -0.0003292400   -0.0016177500   -0.0004748900
  -0.0000461000   -0.0000266700    0.0002857000
   0.0000059000   -0.0000175100   -0.0000049300
   0.0000034000    0.0000019700   -0.0000081900
   0.0000021500   -0.0000066500   -0.0000169300
  -0.0000122400    0.0000138500   -0.0000049300
  -0.0015665800    0.0005209000   -0.0004748900
  -0.0000046900    0.0000051800   -0.0000169300
   0.0000405200    0.0000234400    0.0002137800
   0.0000705500   -0.0000932800   -0.0000691400
   0.0007630000    0.0009491500    0.0032621300
  -0.0000008500   -0.0000161500    0.0000291300
   0.0000105500    0.0000008800    0.0000247800
  -0.0000010200    0.0000101000    0.0000237000
  -0.0000201300    0.0000084700   -0.0000085400
  -0.0005624400   -0.0011434900    0.0037034700
  -0.0000278000    0.0000196200    0.0000070600
  -0.0000102800   -0.0000077300    0.0000232700
   0.0000142900    0.0000082700   -0.0154301400
   0.0000363200   -0.0000078100   -0.0000091700
  -0.0000211500   -0.0000406900   -0.0000203600
  -0.0000221000    0.0000773800   -0.0000420100
   0.0000113300    0.0000353900   -0.0000091700
  -0.0000004600   -0.0000002600    0.0000048000
   0.0000560700   -0.0000577200   -0.0000420100
   0.0000021000    0.0000012200   -0.0000011000
  -0.0000458200    0.0000019500   -0.0000203600
   0.0011346900    0.0006564000    0.1323090800
   0.0000122600   -0.0000742000    0.0003329000
  -0.0000530700   -0.0000718600    0.0003330000
   0.0000008000    0.0000498100    0.0003798700
  -0.0000582300    0.0000476300    0.0003328700
  -0.0000008500   -0.0000005000   -0.0000048600
   0.0000435900   -0.0000241500    0.0003798600
   0.0000020600    0.0000012000   -0.0000048700
  -0.0000887800   -0.0000101900    0.0003329600
   0.0000515200   -0.0000197500    0.0003107400
   0.0002694100   -0.0021171100   -0.0004930900
  -0.0000108000   -0.0000173800   -0.0000072500
   0.0000129900    0.0000158900   -0.0000047500
   0.0000037400   -0.0000045600   -0.0000046800
  -0.0000065100   -0.0000002100   -0.0000049200
   0.0017804300    0.0007760000   -0.0004941000
   0.0000003000   -0.0000152100    0.0003129900
   0.0000023500   -0.0000020300   -0.0000070800
  -0.0005870800    0.0005181800    0.0037768400
  -0.0001195800   -0.0000691800   -0.0000279300
  -0.0000047200   -0.0000137000    0.0000365800
   0.0000214500    0.0000124000    0.0000023200
  -0.0000029800   -0.0000004800    0.0000370000
  -0.0000142300    0.0000027400    0.0000365800
   0.0001566300   -0.0007672300    0.0037768200
  -0.0000019000   -0.0000023300    0.0000370000
   0.0000273200    0.0000158100   -0.0000298100
   0.0015601400    0.0011567400   -0.0004941100
  -0.0017011000    0.0012887700   -0.0004931000
  -0.0000034200   -0.0000055400   -0.0000049100
   0.0000202600    0.0000033400   -0.0000047600
  -0.0000130300    0.0000078300    0.0003129900
  -0.0000204500   -0.0000006900   -0.0000072400
   0.0000085600    0.0000545000    0.0003107400
  -0.0000020800    0.0000055200   -0.0000046800
  -0.0000005800    0.0000030400   -0.0000070800
