108  
9    

1    
  0.0067015714394852   0.0000000000000000   0.0074221924147435
  -0.1561359600   -0.0001537700   -0.1907479500
   0.0009341900    0.0001973300    0.0004469700
   0.0009199200    0.0000313000    0.0004354700
  -0.0001413200   -0.0003187000    0.0002896200
   0.0000756600    0.0005242900    0.0004441800
   0.0000418600    0.0000041400   -0.0000500500
  -0.0001410500   -0.0006354100    0.0002952300
   0.0000417800    0.0000041300   -0.0000500200
   0.0000747700    0.0006859700    0.0004385700
   0.0003807500    0.0005896400    0.0000102800
   0.0000539800    0.0000340600    0.0000020300
   0.0029872500   -0.0066281700   -0.0044551500
   0.0033164600    0.0103015400   -0.0029792700
   0.0000228300   -0.0000106400   -0.0000114200
   0.0004371900    0.0006127600    0.0000017700
  -0.0000233800   -0.0000378700   -0.0000122000
   0.0000454000    0.0001197700   -0.0000380400
  -0.0000260000   -0.0000121900    0.0000027200
   0.0085309000   -0.0073794800   -0.0030048800
   0.0001961500   -0.0000316500   -0.0000375900
   0.0032486800    0.0067635200   -0.0045258000
   0.0012943400   -0.0001201200    0.0000105200
   0.0000116900    0.0000591400   -0.0000121100
  -0.0000064700   -0.0000679400    0.0000024100
   0.0000107900    0.0000049500   -0.0000118500
  -0.0000059900    0.0000233600    0.0000022900
   0.0012963800   -0.0000490300    0.0000111300
   0.0026659400    0.0049521500   -0.0054119200
   0.0000278500   -0.0000006300    0.0000493800
   0.0002234600   -0.0006152800    0.0004063000
   0.0030593900   -0.0079545500   -0.0054441900
   0.0001267400   -0.0005099100    0.0002839400
  -0.0000421400    0.0000112900   -0.0000054600
   0.0000128800   -0.0000608100   -0.0000288400
   0.0000262800    0.0000400200    0.0000492200
  -0.0000448500   -0.0000432000   -0.0000059100
   0.0007706700    0.0008058600    0.0002501300
  -0.0000002600    0.0000144400    0.0000181600
   0.0037734100   -0.0026141700    0.0139170700
   0.0008268200   -0.0001042500    0.0002588000
  -0.0000574500   -0.0000193600   -0.0000084300
  -0.0001356000    0.0001260400    0.0000662700
  -0.0000121100    0.0000099800    0.0000062600
   0.0000202200    0.0000113000    0.0000323100
   0.0001077900   -0.0000869000    0.0000047100
  -0.0000595100    0.0003125000    0.0005083200
   0.0000066700   -0.0000063900   -0.0000351800
   0.0456792100    0.0215730300    0.0511707600
  -0.0000237100   -0.0005684100    0.0004814000
  -0.0000219700    0.0000011600    0.0000141000
  -0.0000281000   -0.0000457400   -0.0000951900
   0.0000098500    0.0000225600    0.0000083100
   0.0000066300    0.0000271500   -0.0000480800
   0.0000098000    0.0000937000   -0.0000349300
  -0.0000693500   -0.0001069400    0.0006757500
  -0.0000226400   -0.0000175200   -0.0000011000
   0.0002666300    0.0008822400    0.0004360200
   0.0104623800   -0.0244906100    0.0319535600
  -0.0001491800   -0.0001014600   -0.0000085400
   0.0000489800    0.0001476300   -0.0000599900
   0.0000213200    0.0000023200    0.0000152600
  -0.0000436200   -0.0000252100   -0.0000335000
  -0.0000162900   -0.0000209600   -0.0000019900
   0.0061132000    0.0026175200    0.0139258000
   0.0000038300   -0.0000249100    0.0000147300
   0.0009710000   -0.0006631200    0.0004228100
   0.0004993500   -0.0001052200    0.0007631800
  -0.0001191600   -0.0001383200    0.0000195400
  -0.0000397300    0.0000106500   -0.0000118200
   0.0000242000   -0.0000066000    0.0000541300
  -0.0000149400   -0.0000040000   -0.0000105200
   0.0001302100    0.0000439900   -0.0000062300
  -0.0000462200    0.0000302800    0.0000887200
  -0.0000402800   -0.0000058300    0.0000083800
  -0.0028307300   -0.0012153700    0.0016832300
   0.0014572100    0.0024992500    0.0016940200
  -0.0000263200   -0.0000204500    0.0000169600
  -0.0006978100   -0.0013443100    0.0013710500
  -0.0000086900   -0.0000019400    0.0000554100
  -0.0000343100    0.0000009000    0.0000131800
  -0.0000024400    0.0000122500    0.0000156600
  -0.0000470600   -0.0000006800    0.0000475400
  -0.0000821800   -0.0000295500    0.0000465700
  -0.0026112400    0.0014087300    0.0019814500
  -0.0011915300    0.0009883900    0.0008537200
  -0.0000279300    0.0000290400    0.0000077200
   0.0016603700   -0.0024342700    0.0022945300
  -0.0000362300    0.0000115500    0.0000807300
   0.0000078100   -0.0000254900    0.0000117600
  -0.0000298600   -0.0000038200   -0.0000085000
   0.0508549500   -0.0225478100    0.0526529600
   0.0000539100   -0.0000087900   -0.0000141800
   0.0002469500   -0.0007262700    0.0006288100
   0.0001910800    0.0003067300    0.0006446700
  -0.0000736100    0.0001051200   -0.0001193900
  -0.0000059500   -0.0000046700    0.0000145200
  -0.0000000900   -0.0000190500   -0.0000453800
   0.0000134700   -0.0000222700    0.0000129300
  -0.0000450300   -0.0001044600   -0.0000365000
   0.0001557600   -0.0005899400    0.0007348800
  -0.0000243700    0.0000163100    0.0000036300
  -0.0001582700    0.0002714900    0.0005995700
   0.0110427200    0.0256436500    0.0336889800
   0.0000854000   -0.0001842500   -0.0000905100
  -0.0001649800    0.0000710500    0.0000196100
  -0.0000024200   -0.0000135900   -0.0000073000
  -0.0000044900    0.0000096600    0.0000345800
  -0.0000125100    0.0000164200    0.0000046300

1    
 -0.0067015714394852   0.0000000000000000  -0.0074221924147435
   0.1559544100    0.0008320300    0.1908165800
  -0.0009169400   -0.0001940400   -0.0004361900
  -0.0009312300   -0.0000302600   -0.0004476900
   0.0001498300    0.0003257200   -0.0002936100
  -0.0000775400   -0.0005177800   -0.0004390200
  -0.0000417000   -0.0000041200    0.0000500600
   0.0001501200    0.0006370200   -0.0002879600
  -0.0000417400   -0.0000041000    0.0000500900
  -0.0000783600   -0.0006858300   -0.0004445600
  -0.0003798300   -0.0005843700   -0.0000122200
  -0.0000542300   -0.0000343200   -0.0000027500
  -0.0030580100    0.0064918300    0.0045225000
  -0.0032489900   -0.0102372700    0.0031001900
  -0.0000231900    0.0000125100    0.0000124400
  -0.0004353100   -0.0006256900   -0.0000208700
   0.0000239000    0.0000391500    0.0000116800
  -0.0000443600   -0.0001195100    0.0000376100
   0.0000250800    0.0000114500   -0.0000020700
  -0.0081784800    0.0073016500    0.0030741200
  -0.0001965900    0.0000323400    0.0000380500
  -0.0035872100   -0.0068211300    0.0044512400
  -0.0013001300    0.0001237300   -0.0000119900
  -0.0000100900   -0.0000581500    0.0000117600
   0.0000052900    0.0000692400   -0.0000023800
  -0.0000109200   -0.0000046700    0.0000120300
   0.0000058100   -0.0000234200   -0.0000024900
  -0.0012982500    0.0000657800   -0.0000114300
  -0.0025799700   -0.0051209900    0.0053195000
  -0.0000281600    0.0000003500   -0.0000481400
  -0.0002200400    0.0006242200   -0.0004099400
  -0.0031475700    0.0080860600    0.0052870300
  -0.0001253100    0.0005040700   -0.0002718000
   0.0000427100   -0.0000095600    0.0000047900
  -0.0000135200    0.0000609900    0.0000293700
  -0.0000276700   -0.0000397600   -0.0000482900
   0.0000466900    0.0000426000    0.0000043600
  -0.0007581700   -0.0008199900   -0.0002344500
   0.0000007100   -0.0000133000   -0.0000192000
  -0.0037030100    0.0026630900   -0.0138616800
  -0.0008290300    0.0001090500   -0.0002766800
   0.0000573300    0.0000195300    0.0000080500
   0.0001355900   -0.0001293400   -0.0000637800
   0.0000120500   -0.0000098500   -0.0000063100
  -0.0000197300   -0.0000108500   -0.0000320300
  -0.0001078800    0.0000864500   -0.0000036300
   0.0000402700   -0.0003024200   -0.0005142200
  -0.0000056600    0.0000052200    0.0000351600
  -0.0474318100   -0.0225955100   -0.0530508500
   0.0000104300    0.0005500900   -0.0004904100
   0.0000222500   -0.0000006900   -0.0000140600
   0.0000262100    0.0000479600    0.0000970900
  -0.0000097900   -0.0000225800   -0.0000081400
  -0.0000058600   -0.0000261800    0.0000492300
  -0.0000120100   -0.0000952300    0.0000356500
   0.0000502900    0.0001122400   -0.0006567300
   0.0000230600    0.0000177700    0.0000013000
  -0.0002762400   -0.0008638600   -0.0004632900
  -0.0104813900    0.0252544500   -0.0325649500
   0.0001448300    0.0001028900    0.0000076200
  -0.0000523700   -0.0001489100    0.0000617000
  -0.0000205900   -0.0000020700   -0.0000164200
   0.0000443500    0.0000232700    0.0000348500
   0.0000162900    0.0000211600    0.0000018900
  -0.0061886500   -0.0025777400   -0.0139683700
  -0.0000052100    0.0000262900   -0.0000135900
  -0.0009854100    0.0006482500   -0.0004373800
  -0.0005015100    0.0001121800   -0.0007379100
   0.0001189100    0.0001343800   -0.0000211700
   0.0000403100   -0.0000106000    0.0000118800
  -0.0000249700    0.0000073600   -0.0000543200
   0.0000153000    0.0000043300    0.0000107300
  -0.0001301300   -0.0000452800    0.0000061300
   0.0000470200   -0.0000299000   -0.0000873800
   0.0000378900    0.0000039200   -0.0000070900
   0.0028645500    0.0012244300   -0.0016793100
  -0.0014227700   -0.0024795100   -0.0016871300
   0.0000262600    0.0000201300   -0.0000174700
   0.0007443100    0.0013536400   -0.0013625500
   0.0000099700    0.0000048200   -0.0000534700
   0.0000339100   -0.0000005600   -0.0000132300
   0.0000023700   -0.0000119900   -0.0000158100
   0.0000494800   -0.0000011600   -0.0000488300
   0.0000817600    0.0000297200   -0.0000474600
   0.0025849200   -0.0014030000   -0.0019825200
   0.0011599000   -0.0009701100   -0.0008744100
   0.0000285100   -0.0000291200   -0.0000073200
  -0.0016958100    0.0024576500   -0.0022985100
   0.0000357900   -0.0000087300   -0.0000828300
  -0.0000075600    0.0000257700   -0.0000113000
   0.0000304500    0.0000039900    0.0000084000
  -0.0489115700    0.0213998400   -0.0507779300
  -0.0000537400    0.0000070400    0.0000144100
  -0.0002199900    0.0007388400   -0.0006203300
  -0.0001789400   -0.0003250000   -0.0006333800
   0.0000747400   -0.0001033200    0.0001180500
   0.0000057100    0.0000050700   -0.0000142300
  -0.0000004100    0.0000197000    0.0000443500
  -0.0000133800    0.0000224000   -0.0000133200
   0.0000479200    0.0001045600    0.0000352300
  -0.0001448600    0.0006002100   -0.0007120000
   0.0000242500   -0.0000160100   -0.0000037600
   0.0001767800   -0.0002616200   -0.0006107300
  -0.0110790700   -0.0248994500   -0.0330894600
  -0.0000821500    0.0001829500    0.0000900500
   0.0001687400   -0.0000687000   -0.0000179900
   0.0000015700    0.0000119400    0.0000056300
   0.0000035300   -0.0000095700   -0.0000334900
   0.0000126400   -0.0000161000   -0.0000046400

28   
  0.0067015714394852   0.0000000000000000   0.0074221924147435
   0.0025793600   -0.0076790000   -0.0054359900
   0.0002200900   -0.0006244500    0.0004161500
   0.0000284800    0.0000401800    0.0000483800
   0.0000127700   -0.0000610000   -0.0000290800
  -0.0000459500    0.0000130200   -0.0000046900
   0.0000281200   -0.0000001000    0.0000481700
   0.0031609500    0.0046823800   -0.0053979600
  -0.0000423100   -0.0000453700   -0.0000048200
   0.0001262800   -0.0005040300    0.0002767300
   0.0056331100   -0.0067120900   -0.0053271000
   0.0001186900    0.0000001200   -0.0000293000
   0.0052525600    0.0066255900   -0.0054031300
   0.0010042900    0.0000008100    0.0002777400
  -0.0000057500    0.0000200200    0.0000485500
  -0.0000072400   -0.0000209000    0.0000489600
  -0.0000155200    0.0000255000   -0.0000052800
  -0.0000162100   -0.0000259600   -0.0000050300
   0.0012952900    0.0000079400    0.0004081100
   0.0026634600    0.0078051500   -0.0052951000
   0.0000273500   -0.0000381900    0.0000491400
   0.0002232200    0.0006152100    0.0004001400
  -0.0000458400   -0.0000114300   -0.0000056100
   0.0000133900    0.0000609400   -0.0000294600
   0.0000257700   -0.0000000100    0.0000493500
   0.0001252500    0.0005103400    0.0002787600
  -0.0000427700    0.0000446400   -0.0000054800
   0.0030488900   -0.0048342200   -0.0053330500
  -0.1611473400    0.0004518000   -0.1931233800
   0.0004842200    0.0002280500    0.0005358800
   0.0004720800   -0.0002284900    0.0005239300
  -0.0001169400   -0.0001132600    0.0005277700
  -0.0001227300    0.0001202400    0.0005321900
   0.0000138300   -0.0000000900   -0.0000516500
  -0.0001159300   -0.0005740300    0.0005337500
   0.0000138400   -0.0000001700   -0.0000516600
  -0.0001237600    0.0005726900    0.0005261800
   0.0021858800    0.0027841200    0.0023166600
  -0.0000275100   -0.0000235200    0.0000005600
  -0.0008082800   -0.0010377400    0.0011060300
  -0.0000203100   -0.0000551600   -0.0000047500
  -0.0000329900    0.0000031200   -0.0000068900
   0.0000075300    0.0000201800    0.0000081300
  -0.0000761300    0.0000321600    0.0000216500
   0.0000200100    0.0000232000   -0.0000313100
  -0.0026209900   -0.0017287300    0.0017083900
  -0.0008491600    0.0010469800    0.0010954700
  -0.0000271400    0.0000227800    0.0000007300
   0.0021479800   -0.0027596400    0.0023050700
  -0.0000213100    0.0000568600   -0.0000059700
   0.0000073700   -0.0000199800    0.0000084200
  -0.0000322900   -0.0000030200   -0.0000070700
   0.0000221700   -0.0000251800   -0.0000327400
  -0.0000757400   -0.0000315100    0.0000209700
  -0.0026471900    0.0017310100    0.0017036100
   0.0066281100    0.0020489400    0.0131936500
   0.0000666200   -0.0000343200    0.0000198300
   0.0006840200   -0.0006699900    0.0006662600
   0.0005204800   -0.0000984800    0.0006417200
  -0.0001316800   -0.0001334900    0.0000130500
  -0.0000240300    0.0000112200   -0.0000146600
   0.0000280700   -0.0000291200    0.0000436300
  -0.0000121100   -0.0000007200   -0.0000015600
   0.0001166400    0.0001263200   -0.0000323700
   0.0101842800   -0.0252327100    0.0335446000
  -0.0001793300   -0.0000781100   -0.0000377000
   0.0001520600    0.0000917600   -0.0001282100
   0.0000050900   -0.0000316100    0.0000141400
  -0.0000201400    0.0000398100   -0.0000337700
  -0.0000046700   -0.0000175900   -0.0000070500
  -0.0002407600   -0.0000710200    0.0006232100
  -0.0000134900   -0.0000182400    0.0000038600
   0.0001144900    0.0007911200    0.0006882200
   0.0007066500    0.0006586400    0.0006761700
   0.0000669300    0.0000352900    0.0000188600
   0.0067574100   -0.0019617900    0.0132041100
   0.0005251100    0.0001065800    0.0006174800
  -0.0000246000   -0.0000114400   -0.0000156300
  -0.0001312800    0.0001304300    0.0000140800
  -0.0000124400    0.0000008600   -0.0000015200
   0.0000285500    0.0000294200    0.0000439200
   0.0001168700   -0.0001269400   -0.0000320200
  -0.0001113000    0.0006191500    0.0006380500
   0.0000715300    0.0000077600   -0.0000388500
   0.0500250800    0.0229988300    0.0534854600
   0.0000727000   -0.0005684900    0.0006786000
   0.0000063600    0.0000064100    0.0000005100
   0.0000219700   -0.0001607300   -0.0001779000
   0.0000194000    0.0000190500    0.0000093700
   0.0000080300    0.0000468200   -0.0000629900
  -0.0000616000    0.0001535500   -0.0001327900
   0.0101447100    0.0259925300    0.0341304700
   0.0001556000   -0.0000928300   -0.0001287700
  -0.0001760600    0.0000798700   -0.0000363300
  -0.0000210600   -0.0000413500   -0.0000348800
   0.0000044000    0.0000314500    0.0000148600
  -0.0000047300    0.0000176400   -0.0000078900
   0.0001275000   -0.0007855300    0.0007085100
  -0.0000138500    0.0000183900    0.0000038500
  -0.0002220700    0.0000733900    0.0006069100
   0.0521088900   -0.0242351900    0.0554957700
   0.0000717000   -0.0000089000   -0.0000394900
  -0.0000908400   -0.0006036700    0.0006460800
   0.0000847900    0.0005522800    0.0006892700
   0.0000235200    0.0001628600   -0.0001802200
   0.0000060100   -0.0000061500   -0.0000001000
   0.0000075600   -0.0000465600   -0.0000642200
   0.0000194800   -0.0000191700    0.0000091500
  -0.0000594500   -0.0001539900   -0.0001338400

37   
  0.0067015714394852   0.0000000000000000   0.0074221924147435
   0.0001916200   -0.0003578600    0.0007425900
   0.0039185200   -0.0025262700    0.0137304700
   0.0000336100    0.0000599600   -0.0000124200
  -0.0000025000    0.0000151800   -0.0000031700
   0.0000810100    0.0000486500    0.0000281900
   0.0000579900    0.0000069600   -0.0000030700
   0.0002734000    0.0004190600    0.0007543600
   0.0000085000    0.0000585800   -0.0000651900
  -0.0000508300   -0.0000160300   -0.0000131400
   0.0082894000    0.0241600700    0.0327549400
   0.0000191900   -0.0000061800   -0.0001091300
  -0.0001149800   -0.0001200700    0.0000771500
   0.0001540500    0.0006194800    0.0003605000
   0.0002175900   -0.0002944300    0.0003862800
  -0.0000289600    0.0000009900    0.0000068100
  -0.0000270900   -0.0000480300   -0.0000184900
  -0.0000230400    0.0000142700    0.0000027300
   0.0000029400   -0.0000380900    0.0000000000
   0.0453712200   -0.0214127000    0.0513251600
   0.0005229700    0.0002507400    0.0000014900
  -0.0000262900    0.0000099300   -0.0000058600
  -0.0000317000    0.0000096800   -0.0000150000
   0.0000379800    0.0001315800   -0.0000593100
  -0.0000006600   -0.0000164300    0.0000167300
   0.0005340800   -0.0006389500   -0.0000124200
  -0.0000262100    0.0000018400    0.0000185900
  -0.0001674000   -0.0001119600    0.0000335800
   0.0013467200    0.0022850000    0.0030392000
   0.0000059200   -0.0015198700    0.0003653500
  -0.0000267200   -0.0000095800    0.0000004700
   0.0000025400   -0.0000133000   -0.0000494700
  -0.0026188700   -0.0007757400    0.0017084800
  -0.0000562400   -0.0000203400    0.0000372700
  -0.0000208000    0.0000335500   -0.0000066800
  -0.0000038500    0.0000132200    0.0000185400
  -0.0000205100   -0.0000036000   -0.0000176100
  -0.0674767900   -0.0002449100   -0.0973203500
  -0.0000018000   -0.0001151400   -0.0001630400
  -0.0000050400   -0.0000462100   -0.0001582100
   0.0000842600    0.0000188200   -0.0000961200
  -0.0000527500    0.0000657500   -0.0002244900
   0.0000114700    0.0000000900   -0.0000015900
   0.0000860100    0.0000845100   -0.0000979900
   0.0000112300   -0.0000000900   -0.0000015300
  -0.0000545700   -0.0000065700   -0.0002215000
  -0.0015078500   -0.0000008900    0.0087357400
   0.0000539700   -0.0001070200    0.0000452200
   0.0000056500    0.0000988200   -0.0000003300
  -0.0000685200   -0.0001321400    0.0000081300
  -0.0000513600    0.0001784000    0.0000364100
   0.0000140600    0.0000000600    0.0000013600
  -0.0000452600    0.0000322500    0.0000310600
   0.0000138700   -0.0000000600    0.0000013400
  -0.0000755200   -0.0000705300    0.0000137500
   0.0010946300    0.0006289000    0.0000841500
   0.0000258000   -0.0000237400   -0.0002815900
   0.0000091400    0.0000201200    0.0000089600
   0.0000764500   -0.0000428900   -0.0001630700
  -0.0004030800   -0.0000779500   -0.0007791000
  -0.0000015900   -0.0000227600    0.0000070600
   0.0000091300    0.0000245600    0.0000115400
  -0.0000055400   -0.0000186100   -0.0000021000
  -0.0000000600    0.0000001700    0.0000107600
   0.0019595900    0.0021159900    0.0010612100
  -0.0003302100    0.0002561600   -0.0006521000
   0.0000002700    0.0000018800    0.0000076900
   0.0000164800   -0.0000127700    0.0000171000
  -0.0000149400    0.0000052000   -0.0002420900
  -0.0000057200    0.0000158600    0.0000080600
   0.0000015500    0.0000246500   -0.0001804500
  -0.0000013000    0.0000095900   -0.0000056400
   0.0000076100   -0.0000038200    0.0000165000
   0.0009096600   -0.0034356900   -0.0030295900
   0.0000194900   -0.0000184700   -0.0000240600
  -0.0001281600   -0.0000475900   -0.0000360900
   0.0001276000   -0.0016601100   -0.0021490100
  -0.0001684400   -0.0000676200    0.0000606600
   0.0000286800   -0.0000116700   -0.0000139200
   0.0000285400   -0.0000054100    0.0000172000
  -0.0000070400    0.0000052200   -0.0000333900
   0.0000047200    0.0000054500   -0.0000171100
  -0.0021041900    0.0001698900    0.0003337700
  -0.0000002900   -0.0000154200    0.0000019500
   0.0000154900    0.0000173700   -0.0002027600
  -0.0012952300   -0.0030639500    0.0011839800
   0.0000327200    0.0000183500   -0.0001991700
   0.0000071000    0.0000017600    0.0000180800
  -0.0000031000   -0.0000019800    0.0000046700
  -0.0000060400    0.0000080400    0.0000130400
  -0.0000045600   -0.0000065300    0.0000135300
   0.0041664900   -0.0000497500   -0.0017329900
   0.0057063200    0.0003504100   -0.0035004100
   0.0000379800   -0.0000147500    0.0000050300
   0.0000232900   -0.0000100200   -0.0000134400
  -0.0000454600   -0.0000147600    0.0000300400
   0.0000211600    0.0000145700   -0.0000201200
  -0.0000503400    0.0000798900    0.0000343000
   0.0000199900   -0.0000079200   -0.0000130200
   0.0000151300    0.0000143500   -0.0000315400
   0.0004491300    0.0020144500   -0.0021876700
  -0.0001551300    0.0000634400    0.0000974400
   0.0000225100    0.0000107500   -0.0000202000
  -0.0000292400   -0.0000116200    0.0000064300
   0.0011138600    0.0027864600   -0.0030743800
   0.0000316700    0.0000076000   -0.0000196700
   0.0000097200   -0.0000056800   -0.0000161700
   0.0000010000   -0.0000042000   -0.0000109900
   0.0000031300    0.0000201500   -0.0000071500

37   
 -0.0067015714394852   0.0000000000000000  -0.0074221924147435
  -0.0002253100    0.0003594400   -0.0007456700
  -0.0040480600    0.0024688600   -0.0136067400
  -0.0000313400   -0.0000584100    0.0000105900
   0.0000022200   -0.0000157900    0.0000027600
  -0.0000814900   -0.0000503700   -0.0000280600
  -0.0000575100   -0.0000061100    0.0000016000
  -0.0002958900   -0.0004414800   -0.0007615300
  -0.0000073000   -0.0000587500    0.0000639000
   0.0000533300    0.0000169400    0.0000130000
  -0.0083273700   -0.0247081000   -0.0332347500
  -0.0000175100    0.0000043400    0.0001074100
   0.0001179900    0.0001260400   -0.0000770200
  -0.0001589100   -0.0006128200   -0.0003650000
  -0.0002077300    0.0003148200   -0.0003943700
   0.0000294000   -0.0000015000   -0.0000070800
   0.0000263200    0.0000467500    0.0000167600
   0.0000240100   -0.0000142100   -0.0000029300
  -0.0000032900    0.0000391600   -0.0000014700
  -0.0472553600    0.0224740800   -0.0533386100
  -0.0004898600   -0.0002524400   -0.0000162100
   0.0000280200   -0.0000094400    0.0000049000
   0.0000315700   -0.0000115800    0.0000141200
  -0.0000371100   -0.0001313200    0.0000593200
  -0.0000003300    0.0000171200   -0.0000169700
  -0.0005184700    0.0006301400   -0.0000026800
   0.0000285400   -0.0000025900   -0.0000188700
   0.0001737500    0.0001105700   -0.0000331500
  -0.0013311500   -0.0023025200   -0.0030771300
   0.0000075200    0.0015204800   -0.0003412400
   0.0000276100    0.0000099100   -0.0000007100
  -0.0000020100    0.0000132000    0.0000486800
   0.0026490000    0.0007721800   -0.0017033200
   0.0000576200    0.0000213500   -0.0000395800
   0.0000207100   -0.0000347100    0.0000039700
   0.0000044600   -0.0000134000   -0.0000188000
   0.0000214400    0.0000036300    0.0000173300
   0.0693992900   -0.0002603300    0.0997751800
  -0.0000045500    0.0001144900    0.0001643900
   0.0000031800    0.0000454500    0.0001593000
  -0.0000840900   -0.0000173100    0.0000984100
   0.0000515400   -0.0000682100    0.0002260500
  -0.0000117400    0.0000001100    0.0000016300
  -0.0000878300   -0.0000800600    0.0001015000
  -0.0000119500   -0.0000000800    0.0000016800
   0.0000551000    0.0000068200    0.0002240300
   0.0015372300   -0.0000009700   -0.0088476800
  -0.0000568400    0.0001078900   -0.0000445300
  -0.0000074600   -0.0001004100   -0.0000018100
   0.0000703000    0.0001344500   -0.0000092800
   0.0000522500   -0.0001806400   -0.0000374500
  -0.0000144700    0.0000000900   -0.0000013700
   0.0000447000   -0.0000307100   -0.0000304900
  -0.0000146500   -0.0000000500   -0.0000014000
   0.0000768900    0.0000691300   -0.0000159300
  -0.0010587700   -0.0006311800   -0.0000753300
  -0.0000241700    0.0000225900    0.0002771800
  -0.0000095700   -0.0000206700   -0.0000092000
  -0.0000750600    0.0000409800    0.0001643400
   0.0004055100    0.0000600300    0.0007946300
   0.0000007700    0.0000226400   -0.0000067400
  -0.0000093600   -0.0000243600   -0.0000113000
   0.0000056000    0.0000186700    0.0000020400
  -0.0000000900   -0.0000005600   -0.0000109200
  -0.0019697600   -0.0021079000   -0.0010846300
   0.0003104700   -0.0002352100    0.0006684400
  -0.0000010200   -0.0000019200   -0.0000078100
  -0.0000171500    0.0000134400   -0.0000170000
   0.0000152700   -0.0000032000    0.0002400200
   0.0000056500   -0.0000161100   -0.0000078400
  -0.0000046300   -0.0000247400    0.0001818500
   0.0000007000   -0.0000091900    0.0000058000
  -0.0000080800    0.0000038000   -0.0000168000
  -0.0009143500    0.0034547500    0.0030424700
  -0.0000202500    0.0000187200    0.0000241700
   0.0001312200    0.0000491400    0.0000410700
  -0.0001117800    0.0016703000    0.0021821100
   0.0001636400    0.0000662900   -0.0000610700
  -0.0000294500    0.0000120400    0.0000142300
  -0.0000288300    0.0000059100   -0.0000171500
   0.0000069000   -0.0000057600    0.0000331500
  -0.0000047500   -0.0000055000    0.0000177300
   0.0021108700   -0.0001700100   -0.0003319000
  -0.0000004200    0.0000157100   -0.0000017300
  -0.0000200700   -0.0000205700    0.0002027800
   0.0013121700    0.0031141000   -0.0012152200
  -0.0000333000   -0.0000162100    0.0001981100
  -0.0000079800   -0.0000017100   -0.0000182100
   0.0000032500    0.0000024300   -0.0000046000
   0.0000059800   -0.0000082800   -0.0000130800
   0.0000045200    0.0000063200   -0.0000135700
  -0.0042474300    0.0000594600    0.0017680700
  -0.0056492500   -0.0003559000    0.0034827900
  -0.0000389900    0.0000144800   -0.0000046300
  -0.0000237400    0.0000102800    0.0000136100
   0.0000464400    0.0000149400   -0.0000285600
  -0.0000215100   -0.0000148100    0.0000204900
   0.0000498300   -0.0000771300   -0.0000325000
  -0.0000205800    0.0000082700    0.0000130000
  -0.0000153800   -0.0000143000    0.0000309500
  -0.0004208000   -0.0020290400    0.0022244000
   0.0001558600   -0.0000630100   -0.0000969300
  -0.0000230700   -0.0000113900    0.0000200700
   0.0000310000    0.0000114200   -0.0000054300
  -0.0011140100   -0.0027933400    0.0030785700
  -0.0000322300   -0.0000077200    0.0000199400
  -0.0000098600    0.0000060500    0.0000165900
  -0.0000009500    0.0000043800    0.0000110900
  -0.0000033900   -0.0000205100    0.0000077400

55   
  0.0100000000000000   0.0000000000000000   0.0000000000000000
   0.0000623500    0.0004085700   -0.0001406000
   0.0000832500   -0.0005603900    0.0002965100
  -0.0000351900   -0.0000004000    0.0000008200
   0.0000144000   -0.0000177700    0.0000155500
  -0.0000215300   -0.0000031200   -0.0000027000
  -0.0000360600    0.0000201000   -0.0000267900
   0.0160798100    0.0004826400   -0.0004244400
  -0.0000874100    0.0000405500    0.0001472600
  -0.0000467700   -0.0000808500   -0.0001545800
   0.0416620100    0.0150473000    0.0295883000
   0.0000414300    0.0000081100   -0.0000010600
   0.0005925100   -0.0002078100   -0.0003549600
   0.0001115000   -0.0001218000   -0.0001256200
   0.0000362100    0.0000297700    0.0000060000
   0.0000002700    0.0000189100    0.0000200500
  -0.0001142600    0.0001474500    0.0000280600
  -0.0000281700   -0.0000076000    0.0000205000
   0.0006459800    0.0011773100   -0.0002009300
  -0.0040672300    0.0000950400   -0.0001764200
  -0.0000710200   -0.0000266900    0.0000002000
  -0.0000900400    0.0000256700    0.0000282000
  -0.0000195900    0.0000058900   -0.0000284700
  -0.0000243500   -0.0000058000    0.0000185000
  -0.0000336900   -0.0000016600    0.0000179200
   0.0002137400   -0.0026071300    0.0017666200
  -0.0000406200    0.0000068500    0.0000010500
   0.0006916100    0.0026021400   -0.0016145800
   0.0425983300   -0.0158407300   -0.0293184900
   0.0004604200    0.0003432900    0.0005360200
   0.0001021400   -0.0000114700   -0.0000030900
   0.0000263200   -0.0000758800    0.0000134900
   0.0000405100    0.0000938700    0.0001198400
   0.0000056100   -0.0000148000   -0.0000215700
   0.0004543500   -0.0009526200    0.0003033000
  -0.0000132400    0.0000035500   -0.0000206300
  -0.0000804200   -0.0000909000   -0.0001030100
  -0.0007800600    0.0025767400    0.0021618400
   0.0000070400   -0.0000112300    0.0000063100
   0.0000343100   -0.0000313500    0.0000064500
   0.0000036600   -0.0000192600    0.0000090900
  -0.0000022500    0.0000020300    0.0000021900
  -0.0000086300    0.0000181600    0.0000004100
   0.0000819300   -0.0000449000    0.0000310400
   0.0000051200    0.0000235600   -0.0000059900
  -0.0012696000    0.0000512900    0.0006007000
   0.0010029300    0.0033934800    0.0003228600
   0.0000322200    0.0000136400   -0.0000018000
  -0.0002100100    0.0000830200    0.0000177800
   0.0000107900   -0.0000055700   -0.0000033600
   0.0000235300    0.0000196100    0.0000171600
  -0.0000043500    0.0000011900   -0.0000053600
  -0.0001471100    0.0000424100   -0.0000923700
   0.0000455500    0.0000113600   -0.0000020200
   0.0009281400    0.0040213700   -0.0006759000
  -0.1119504200   -0.0004327400    0.0009609100
  -0.0000085300   -0.0000154400    0.0000109700
  -0.0000075400    0.0000102400   -0.0000539900
   0.0000258600    0.0000056400   -0.0000789900
  -0.0000064700   -0.0000239700    0.0000615500
   0.0000061200    0.0000019000    0.0000007300
   0.0000257700    0.0000306800   -0.0000242000
   0.0000060500    0.0000017000   -0.0000022600
  -0.0000065400   -0.0000787700    0.0000401900
   0.0012677500   -0.0032457500   -0.0004374100
  -0.0002130200   -0.0001484900   -0.0000406500
   0.0000274000   -0.0000074200   -0.0000022800
   0.0000153100   -0.0000109700   -0.0000185500
   0.0000069200    0.0000046500    0.0000046300
   0.0000109500    0.0000047300    0.0000032700
   0.0008402300   -0.0033276000    0.0009235600
   0.0000387400   -0.0000114300    0.0000010700
  -0.0002570700   -0.0001183700    0.0000544500
   0.0015614700   -0.0012510700    0.0017703600
  -0.0000013500   -0.0000013800   -0.0000010000
   0.0018165100    0.0018215900   -0.0019345200
   0.0000154700   -0.0000693500    0.0000449100
  -0.0000072600    0.0000185800   -0.0000025000
  -0.0000004800   -0.0000100200   -0.0000063000
  -0.0000072400    0.0000194100    0.0000164700
  -0.0000004200   -0.0000190500   -0.0000149700
   0.0000151600   -0.0000457700   -0.0000153100
   0.0058946300    0.0004528200    0.0008373100
   0.0000318800    0.0000009000    0.0000026800
   0.0071296200   -0.0001783700   -0.0012058000
  -0.0000202000    0.0000387300   -0.0000593300
   0.0000324300    0.0000150700    0.0000007600
   0.0000269200   -0.0000159800   -0.0000071000
   0.0000323300   -0.0000170400   -0.0000093600
   0.0000270000    0.0000077200    0.0000115700
  -0.0000203500   -0.0000161800   -0.0000209700
  -0.0012337600   -0.0035456200   -0.0024556300
   0.0001155100    0.0001278000   -0.0000095500
  -0.0000071800    0.0000150200   -0.0000045100
  -0.0000022700    0.0000008500   -0.0000014500
   0.0000005100    0.0000105900   -0.0000133900
  -0.0000003500   -0.0000151100   -0.0000022900
  -0.0011424400   -0.0002965900   -0.0003802200
  -0.0000013500   -0.0000150200    0.0000038300
   0.0001352900    0.0001148000   -0.0001036000
  -0.0029189900    0.0001517700   -0.0004457600
   0.0000665500   -0.0001654500   -0.0000129900
   0.0000671100    0.0001637400    0.0000279000
  -0.0000818000   -0.0002499600    0.0000618500
  -0.0000743600    0.0002548400   -0.0000601600
   0.0000097900    0.0000001200    0.0000000500
  -0.0000831300    0.0000784400    0.0000256700
   0.0000097400    0.0000000200    0.0000016400
  -0.0000728200   -0.0000945600   -0.0000406000

55   
 -0.0100000000000000   0.0000000000000000   0.0000000000000000
  -0.0000729500   -0.0004126500    0.0001423300
  -0.0000721400    0.0005571200   -0.0002946700
   0.0000350900    0.0000004000   -0.0000011100
  -0.0000140900    0.0000169200   -0.0000153000
   0.0000215700    0.0000033300    0.0000024100
   0.0000354400   -0.0000211400    0.0000270700
  -0.0160570700   -0.0003297800    0.0003696600
   0.0000859100   -0.0000420500   -0.0001457700
   0.0000474300    0.0000794500    0.0001563900
  -0.0407216100   -0.0145610800   -0.0285335800
  -0.0000395800   -0.0000061600    0.0000010200
  -0.0006307100    0.0002162500    0.0003530500
  -0.0001088600    0.0001234600    0.0001248900
  -0.0000344300   -0.0000301200   -0.0000065200
  -0.0000002300   -0.0000193700   -0.0000203700
   0.0001138500   -0.0001462100   -0.0000269800
   0.0000280500    0.0000074500   -0.0000206100
  -0.0006575100   -0.0011855400    0.0002110600
   0.0040588300   -0.0000520400    0.0001598400
   0.0000702700    0.0000258100   -0.0000019900
   0.0000904300   -0.0000261900   -0.0000294900
   0.0000196000   -0.0000054500    0.0000278900
   0.0000240400    0.0000060600   -0.0000188500
   0.0000336900    0.0000006300   -0.0000180000
  -0.0001804400    0.0025682300   -0.0017575300
   0.0000404500   -0.0000064700   -0.0000015000
  -0.0007368100   -0.0026368700    0.0016175400
  -0.0435787300    0.0163994700    0.0304609400
  -0.0004271600   -0.0003335700   -0.0005368500
  -0.0001046700    0.0000136300    0.0000033900
  -0.0000279400    0.0000764400   -0.0000141100
  -0.0000439600   -0.0000927000   -0.0001189600
  -0.0000056400    0.0000148900    0.0000211500
  -0.0004437500    0.0009449100   -0.0002947900
   0.0000131500   -0.0000038400    0.0000206000
   0.0000812600    0.0000916700    0.0001048100
   0.0007577000   -0.0025130900   -0.0021286500
  -0.0000072200    0.0000107400   -0.0000061500
  -0.0000295800    0.0000315500   -0.0000033400
  -0.0000034700    0.0000186700   -0.0000092800
   0.0000020500   -0.0000019300   -0.0000020700
   0.0000084700   -0.0000174000   -0.0000002500
  -0.0000804100    0.0000435000   -0.0000264600
  -0.0000045700   -0.0000240100    0.0000058800
   0.0012784000   -0.0000517200   -0.0006107100
  -0.0010075600   -0.0033529000   -0.0003199100
  -0.0000317600   -0.0000135900    0.0000021300
   0.0002153800   -0.0000838300   -0.0000168900
  -0.0000109300    0.0000055900    0.0000034300
  -0.0000237300   -0.0000193100   -0.0000170100
   0.0000044700   -0.0000010300    0.0000053900
   0.0001454300   -0.0000406700    0.0000908400
  -0.0000458900   -0.0000118400    0.0000018300
  -0.0009127100   -0.0040392800    0.0006637500
   0.1120254600   -0.0009514800   -0.0031888100
   0.0000079400    0.0000154100   -0.0000061800
   0.0000089500   -0.0000102300    0.0000589900
  -0.0000262000   -0.0000032600    0.0000816300
   0.0000069800    0.0000265000   -0.0000589900
  -0.0000061000   -0.0000016900   -0.0000004900
  -0.0000263100   -0.0000295500    0.0000241600
  -0.0000061400   -0.0000019100    0.0000021300
   0.0000069100    0.0000801900   -0.0000406900
  -0.0012641200    0.0032769700    0.0004414600
   0.0002072200    0.0001466300    0.0000422200
  -0.0000276900    0.0000074900    0.0000024900
  -0.0000151000    0.0000111200    0.0000188300
  -0.0000068300   -0.0000043300   -0.0000047100
  -0.0000110500   -0.0000046900   -0.0000032800
  -0.0008509100    0.0033116800   -0.0009261900
  -0.0000384300    0.0000110000   -0.0000010800
   0.0002592900    0.0001212400   -0.0000553000
  -0.0015623400    0.0012681700   -0.0017615000
   0.0000014900    0.0000015100    0.0000010300
  -0.0018157900   -0.0018093800    0.0019456300
  -0.0000146400    0.0000665100   -0.0000392000
   0.0000070300   -0.0000181200    0.0000023400
   0.0000005200    0.0000103700    0.0000061300
   0.0000070500   -0.0000191000   -0.0000164900
   0.0000005700    0.0000194900    0.0000147800
  -0.0000149500    0.0000469300    0.0000160300
  -0.0057368300   -0.0004482000   -0.0008094300
  -0.0000318500   -0.0000015800   -0.0000023900
  -0.0073152800    0.0001766400    0.0012353200
   0.0000205500   -0.0000372400    0.0000611800
  -0.0000321800   -0.0000145500   -0.0000004400
  -0.0000271800    0.0000163400    0.0000073700
  -0.0000322900    0.0000170200    0.0000098100
  -0.0000271200   -0.0000077100   -0.0000110500
   0.0000204300    0.0000188700    0.0000193000
   0.0012630200    0.0036243900    0.0024881200
  -0.0001197000   -0.0001263800    0.0000139100
   0.0000074800   -0.0000155700    0.0000045500
   0.0000023200   -0.0000009900    0.0000014200
  -0.0000005500   -0.0000109400    0.0000131000
   0.0000004200    0.0000156000    0.0000024100
   0.0011236200    0.0002959600    0.0003591500
   0.0000009700    0.0000148000   -0.0000040700
  -0.0001372600   -0.0001178400    0.0001096500
   0.0029158800   -0.0001516300    0.0003732600
  -0.0000670800    0.0001634300    0.0000129000
  -0.0000664900   -0.0001656100   -0.0000282600
   0.0000829200    0.0002512100   -0.0000617400
   0.0000725100   -0.0002532700    0.0000594800
  -0.0000097700    0.0000000300    0.0000000000
   0.0000815800   -0.0000786500   -0.0000261900
  -0.0000097900   -0.0000000900   -0.0000015500
   0.0000740600    0.0000941500    0.0000396100

55   
  0.0000000000000000   0.0000000000000000   0.0100000000000000
  -0.0000515700    0.0001400200    0.0009397900
  -0.0001065900   -0.0000811700    0.0007160500
  -0.0000037100   -0.0000188900    0.0000019100
   0.0000164200    0.0000763800    0.0000074800
  -0.0000047600   -0.0000197600    0.0000020300
  -0.0000509000    0.0000543900    0.0000015300
  -0.0008402500   -0.0326019400    0.0446309800
  -0.0000596400    0.0000614500   -0.0000285200
   0.0000617900    0.0000864200   -0.0000659800
   0.0278139900    0.0170286500    0.0446309900
  -0.0000579800   -0.0000523800    0.0000074800
  -0.0001470600   -0.0000253500    0.0009397900
  -0.0000439500   -0.0000967200   -0.0000659800
  -0.0000725700    0.0000168700    0.0000015300
   0.0000145300    0.0000126700    0.0000019100
  -0.0000830200    0.0000209200   -0.0000285200
   0.0000147500    0.0000139900    0.0000020200
   0.0000169800    0.0001329200    0.0007160500
  -0.0002220200    0.0006515300    0.0024709200
   0.0000301200    0.0000408900    0.0000940200
  -0.0000294800    0.0000170100    0.0000385900
   0.0000011500   -0.0000077400    0.0000171400
   0.0000182200   -0.0000105200    0.0000053100
  -0.0000203200   -0.0000465300    0.0000940200
   0.0005994100   -0.0003460700    0.0017235000
   0.0000072900    0.0000028600    0.0000171500
  -0.0006752500   -0.0001334900    0.0024709300
  -0.0313479300    0.0180987900    0.0460159200
   0.0000424500    0.0000595200    0.0008879500
   0.0000445900   -0.0000672400   -0.0000123800
   0.0000805500   -0.0000049400   -0.0000123900
   0.0000776000   -0.0001235900   -0.0001120400
  -0.0000082900    0.0000047700    0.0000055500
  -0.0000304200   -0.0000665500    0.0008879700
  -0.0000112500    0.0000064900   -0.0000102900
   0.0001458500   -0.0000055000   -0.0001120700
  -0.0001860300    0.0015922200    0.0002793800
   0.0000055600    0.0000162400    0.0000073100
  -0.0000568300    0.0000328100   -0.0003259600
  -0.0000016500    0.0000088000    0.0000169500
   0.0000046700   -0.0000027100    0.0000104800
  -0.0000112700   -0.0000129500    0.0000073000
   0.0000287100   -0.0000165600   -0.0002426000
  -0.0000084300   -0.0000030000    0.0000169500
  -0.0014719300   -0.0006349700    0.0002793900
  -0.0006231800   -0.0011545100   -0.0035505900
  -0.0000031200    0.0000176100   -0.0000299600
  -0.0000993100    0.0000573400    0.0000395700
  -0.0000006700   -0.0000056000   -0.0000224800
   0.0000185100   -0.0000107000    0.0000063000
  -0.0000168000   -0.0000061100   -0.0000299400
   0.0000403300   -0.0000232700    0.0000426300
   0.0000045300    0.0000033500   -0.0000224800
   0.0006882300    0.0011169700   -0.0035505900
   0.0021067700   -0.0012160600   -0.1431938200
  -0.0000582300    0.0000595600   -0.0003062500
   0.0000100000    0.0000322600   -0.0003065400
  -0.0000230200   -0.0000248000   -0.0003065400
   0.0000389100   -0.0000485500   -0.0002729100
  -0.0000021800    0.0000012700    0.0000069400
  -0.0000807300    0.0000206000   -0.0003062500
   0.0000006700   -0.0000003600    0.0000068500
   0.0000614700   -0.0000093800   -0.0002729100
   0.0007822400   -0.0009692100   -0.0036233100
   0.0001131300   -0.0000050200    0.0000224600
  -0.0000064400    0.0000093100   -0.0000183700
  -0.0000212300   -0.0000094000    0.0000040600
   0.0000047700   -0.0000057700   -0.0000178300
   0.0000107900   -0.0000048100   -0.0000310500
   0.0000986000    0.0010096700   -0.0038111700
   0.0000023300    0.0000022300   -0.0000304900
  -0.0000206600   -0.0000354400    0.0000202600
   0.0017608800   -0.0014414300    0.0004538100
  -0.0000009800   -0.0000011900    0.0000112700
  -0.0019335300   -0.0017258700    0.0004058800
  -0.0000156900   -0.0000015500   -0.0003091000
   0.0000166600   -0.0000048300    0.0000029400
  -0.0000150700   -0.0000066000    0.0000133900
  -0.0000023500   -0.0000013000    0.0000032100
  -0.0000062000   -0.0000015900    0.0000135100
   0.0000430400   -0.0001477800   -0.0003115500
  -0.0008250900   -0.0005902900   -0.0038111700
  -0.0000024600    0.0000230300    0.0000040100
   0.0012304700   -0.0001929200   -0.0036233000
   0.0000203600    0.0000356500    0.0000202400
   0.0000095400   -0.0000069300   -0.0000310400
  -0.0000113000    0.0000009500   -0.0000183500
  -0.0000007600   -0.0000031600   -0.0000304700
   0.0000073600   -0.0000012200   -0.0000178100
   0.0000609300   -0.0000954800    0.0000224600
   0.0005278500    0.0025374000    0.0004058900
   0.0001494900    0.0000366400   -0.0003115400
  -0.0000017900    0.0000163400    0.0000134000
   0.0000005500    0.0000014600    0.0000112300
  -0.0000016800    0.0000061500    0.0000135400
   0.0000125300   -0.0000120200    0.0000029400
   0.0021287600   -0.0008042400    0.0004538200
  -0.0000000800    0.0000026700    0.0000032200
  -0.0000064700    0.0000143800   -0.0003091200
   0.0004131500   -0.0002385500    0.0193890200
  -0.0000286300    0.0000550700    0.0000008700
   0.0000133000    0.0000371900    0.0000010400
  -0.0000255800   -0.0000301000    0.0000010500
   0.0000394600   -0.0000462200    0.0000783100
  -0.0000016000    0.0000009300   -0.0000030100
  -0.0000619900   -0.0000027600    0.0000008800
   0.0000000100    0.0000000200   -0.0000029500
   0.0000597200   -0.0000110400    0.0000783200

55   
  0.0000000000000000   0.0000000000000000  -0.0100000000000000
   0.0000341000   -0.0001017700   -0.0009321400
   0.0001251300    0.0001198400   -0.0007047000
   0.0000036400    0.0000178800   -0.0000013300
  -0.0000169000   -0.0000751100   -0.0000050300
   0.0000048300    0.0000197300   -0.0000016600
   0.0000509200   -0.0000535200    0.0000018400
   0.0008466800    0.0314916800   -0.0438244600
   0.0000592600   -0.0000584200    0.0000282600
  -0.0000608100   -0.0000823200    0.0000666300
  -0.0268492500   -0.0164791100   -0.0438244600
   0.0000565900    0.0000522400   -0.0000050300
   0.0001051900    0.0000213500   -0.0009321300
   0.0000408600    0.0000938500    0.0000666300
   0.0000718100   -0.0000173600    0.0000018300
  -0.0000136500   -0.0000121000   -0.0000013400
   0.0000802000   -0.0000221100    0.0000282500
  -0.0000146900   -0.0000140700   -0.0000016600
  -0.0000412100   -0.0001682600   -0.0007047000
   0.0002267700   -0.0006907300   -0.0024644500
  -0.0000293900   -0.0000406400   -0.0000895600
   0.0000291300   -0.0000168400   -0.0000352300
  -0.0000013000    0.0000074600   -0.0000161900
  -0.0000179200    0.0000103200   -0.0000045000
   0.0000205300    0.0000457900   -0.0000895600
  -0.0006336100    0.0003658200   -0.0017185500
  -0.0000071300   -0.0000026200   -0.0000161700
   0.0007115800    0.0001489700   -0.0024644500
   0.0302601700   -0.0174707800   -0.0451687700
  -0.0000014700   -0.0000592600   -0.0008816700
  -0.0000427700    0.0000672700    0.0000144100
  -0.0000795900    0.0000034000    0.0000144200
  -0.0000731700    0.0001211500    0.0001109500
   0.0000077300   -0.0000045000   -0.0000048800
   0.0000505800    0.0000307800   -0.0008816600
   0.0000114100   -0.0000065500    0.0000099400
  -0.0001414100    0.0000028500    0.0001109200
   0.0001918000   -0.0016119700   -0.0002765300
  -0.0000052500   -0.0000158800   -0.0000075400
   0.0000573300   -0.0000330900    0.0003236100
   0.0000017700   -0.0000086600   -0.0000168300
  -0.0000046100    0.0000026600   -0.0000107200
   0.0000111400    0.0000124700   -0.0000075300
  -0.0000233400    0.0000134900    0.0002455400
   0.0000083900    0.0000027700   -0.0000168100
   0.0014918500    0.0006398700   -0.0002765400
   0.0006151600    0.0011296800    0.0035116100
   0.0000028200   -0.0000172500    0.0000289700
   0.0001031500   -0.0000595400   -0.0000399200
   0.0000009700    0.0000051700    0.0000223600
  -0.0000182300    0.0000105100   -0.0000071100
   0.0000163500    0.0000061800    0.0000289700
  -0.0000416300    0.0000240400   -0.0000478900
  -0.0000039900   -0.0000034400    0.0000223400
  -0.0006707900   -0.0010975800    0.0035116300
  -0.0020404800    0.0011778100    0.1404766200
   0.0000548600   -0.0000604200    0.0003014200
  -0.0000071100   -0.0000331700    0.0003011400
   0.0000252400    0.0000227700    0.0003011500
  -0.0000420300    0.0000440200    0.0002671300
   0.0000022000   -0.0000012800   -0.0000069700
   0.0000797900   -0.0000172500    0.0003014200
  -0.0000005700    0.0000003600   -0.0000070300
  -0.0000591200    0.0000144200    0.0002671400
  -0.0007796100    0.0009469600    0.0035936200
  -0.0001171000    0.0000011400   -0.0000228200
   0.0000068400   -0.0000092700    0.0000177200
   0.0000211400    0.0000092400   -0.0000046300
  -0.0000049100    0.0000052500    0.0000182700
  -0.0000105200    0.0000049600    0.0000300800
  -0.0001050800   -0.0010084300    0.0037750000
  -0.0000029700   -0.0000023100    0.0000306500
   0.0000219100    0.0000355400   -0.0000249700
  -0.0017707500    0.0014515000   -0.0004486600
   0.0000010300    0.0000009400   -0.0000113600
   0.0019463300    0.0017421400   -0.0003990400
   0.0000157000    0.0000075100    0.0003097200
  -0.0000163000    0.0000050200   -0.0000034900
   0.0000146600    0.0000068000   -0.0000136500
   0.0000025100    0.0000013100   -0.0000032100
   0.0000062200    0.0000016700   -0.0000135500
  -0.0000410700    0.0001469400    0.0003072400
   0.0008207500    0.0005952700    0.0037750100
   0.0000025600   -0.0000228500   -0.0000046300
  -0.0012099000    0.0002016900    0.0035936500
  -0.0000197900   -0.0000366900   -0.0000249900
  -0.0000095700    0.0000066300    0.0000300900
   0.0000114000   -0.0000012900    0.0000177100
   0.0000005200    0.0000037200    0.0000306400
  -0.0000070300    0.0000016300    0.0000182700
  -0.0000595300    0.0001008600   -0.0000227800
  -0.0005356000   -0.0025566700   -0.0003990200
  -0.0001477700   -0.0000378700    0.0003072800
   0.0000014600   -0.0000161400   -0.0000136700
  -0.0000002700   -0.0000013500   -0.0000113600
   0.0000017000   -0.0000062500   -0.0000135400
  -0.0000125000    0.0000115900   -0.0000034800
  -0.0021423800    0.0008077400   -0.0004486500
   0.0000001100   -0.0000028300   -0.0000032400
   0.0000013800   -0.0000173100    0.0003097100
  -0.0004060300    0.0002344300   -0.0189978800
   0.0000275800   -0.0000552000    0.0000002300
  -0.0000125900   -0.0000375900    0.0000004100
   0.0000262700    0.0000296900    0.0000004000
  -0.0000407500    0.0000456500   -0.0000761300
   0.0000016600   -0.0000009500    0.0000027300
   0.0000615900    0.0000037400    0.0000002400
   0.0000001000   -0.0000000300    0.0000027500
  -0.0000598900    0.0000124900   -0.0000761300
