108  
12   

1    
  0.0065974093549900   0.0000000000000000   0.0075149311242812
  -0.1617957600    0.0003466300   -0.2028742800
   0.0008148700    0.0001363700    0.0003670800
   0.0008010200   -0.0001399800    0.0003544400
  -0.0001022300   -0.0003773600    0.0004567500
  -0.0001333600    0.0004054500    0.0003637400
   0.0000426900    0.0000011000   -0.0000506800
  -0.0001019800   -0.0006400600    0.0004625600
   0.0000428400    0.0000012400   -0.0000507200
  -0.0001344000    0.0006784700    0.0003573700
   0.0032871100   -0.0080994800   -0.0042580200
   0.0005649600   -0.0004325600    0.0000261400
   0.0000378700    0.0000158300   -0.0000098300
   0.0000310600   -0.0000913700   -0.0000580200
  -0.0000326400    0.0000560600   -0.0000091600
  -0.0000315000    0.0000021300   -0.0000099900
   0.0033822100    0.0052264700   -0.0042152600
   0.0000379500   -0.0000380200   -0.0000091000
   0.0005646500   -0.0004254300    0.0000162400
   0.0059092100    0.0061841700   -0.0050930500
   0.0067695200   -0.0061644500   -0.0049902600
   0.0001106500    0.0000062300   -0.0000224400
  -0.0000484900   -0.0000447900    0.0000094500
   0.0013594100    0.0000613200    0.0002184400
  -0.0000610200    0.0000398400    0.0000001100
   0.0011182000   -0.0000289600    0.0001492200
   0.0000141900    0.0000181800    0.0000171800
   0.0000082400   -0.0000212800    0.0000271100
   0.0002610300    0.0004006100    0.0001394700
   0.0038736700    0.0083553600   -0.0049464600
  -0.0000450200   -0.0000418000    0.0000008000
  -0.0000407300    0.0000239900    0.0000098900
  -0.0000020100   -0.0000057500    0.0000165600
   0.0000337200    0.0000334300   -0.0000227200
   0.0028222900   -0.0050321100   -0.0050179400
   0.0004344900    0.0005748400    0.0002186600
  -0.0000044300    0.0000279600    0.0000266600
   0.0483416300    0.0219120800    0.0527479800
   0.0001431400    0.0005243500    0.0005519500
   0.0000327700    0.0000004800   -0.0000262500
  -0.0000473100   -0.0000731100   -0.0001194600
   0.0001713900   -0.0003768300    0.0005657100
   0.0000051900    0.0000092600    0.0000079800
  -0.0000036900    0.0001067400   -0.0000557600
   0.0000130400    0.0000170200    0.0000162100
   0.0000062800    0.0000278200   -0.0000487600
   0.0102888300    0.0265392700    0.0352896800
   0.0000462800   -0.0001362200   -0.0000856300
  -0.0001369900    0.0000921700    0.0000298300
  -0.0000255000   -0.0000077800   -0.0000282200
   0.0000031500    0.0000010000    0.0000135400
  -0.0000144300    0.0000163900   -0.0000024200
   0.0002037000   -0.0007867800    0.0005896500
  -0.0000233100    0.0000161200    0.0000043400
   0.0001379000    0.0000645800    0.0005634000
   0.0016958500   -0.0027686500    0.0022856100
  -0.0006301600    0.0012708200    0.0013574300
  -0.0000120500    0.0000205600    0.0000032200
  -0.0000172300   -0.0000037600    0.0000034500
  -0.0000420200    0.0000364400    0.0000430800
   0.0000069400   -0.0000098000    0.0000076700
  -0.0029634100    0.0013945000    0.0017414100
  -0.0000301600   -0.0000101000    0.0000254500
  -0.0000636200   -0.0000162300    0.0001020900
   0.0510398300   -0.0239354400    0.0546186000
   0.0000306000    0.0000039900   -0.0000352800
   0.0001870600   -0.0003287500    0.0005515900
   0.0001793100    0.0004803100    0.0005593000
  -0.0000441800    0.0000473600   -0.0001218600
  -0.0000060800   -0.0000032700    0.0000083100
   0.0000065100   -0.0000412800   -0.0000644200
   0.0000145200   -0.0000226900    0.0000127300
   0.0000047900   -0.0000882200   -0.0000606200
   0.0050578900    0.0033440400    0.0160976900
   0.0000227200   -0.0000105200    0.0000459900
   0.0006684500   -0.0007096900    0.0006422400
   0.0006978800   -0.0001234600    0.0006949000
  -0.0001077800   -0.0001575900    0.0000702300
  -0.0000388400    0.0000138500   -0.0000059700
   0.0000296300   -0.0000137200    0.0000404200
  -0.0000135100   -0.0000055800   -0.0000060500
   0.0001610300    0.0000640800   -0.0000234100
  -0.0006636400   -0.0008990200    0.0013042900
   0.0018080600    0.0026606100    0.0027309000
  -0.0000115900   -0.0000186200    0.0000086200
   0.0000084700    0.0000112700    0.0000134800
  -0.0000420100   -0.0000259300    0.0000483800
  -0.0000268700    0.0000104700    0.0000043100
  -0.0025079600   -0.0016241400    0.0018459500
  -0.0000855700    0.0000211400    0.0000660800
  -0.0000478100   -0.0000076500    0.0000411900
   0.0109118100   -0.0257243500    0.0344587800
  -0.0001645100   -0.0000876900    0.0000350500
   0.0000701800    0.0001506700   -0.0001116100
   0.0000109900   -0.0000006000    0.0000037700
  -0.0000135000    0.0000013800   -0.0000021500
  -0.0000160700   -0.0000209600    0.0000044900
  -0.0000811500   -0.0000253100    0.0006673000
  -0.0000223700   -0.0000167500    0.0000024200
   0.0000566000    0.0006862000    0.0006126200
   0.0047002300   -0.0032886600    0.0166872000
   0.0007406400    0.0006005000    0.0006763800
   0.0000213800    0.0000180600    0.0000257200
  -0.0000716000    0.0001069300    0.0000310400
   0.0005470500    0.0000924400    0.0006418400
  -0.0000298300   -0.0000110600   -0.0000089500
   0.0001431600   -0.0000065700   -0.0000340500
  -0.0000130200    0.0000021300   -0.0000099300
   0.0000146100    0.0000095200    0.0000493600

1    
 -0.0065974093549900   0.0000000000000000  -0.0075149311242812
   0.1618078500    0.0003705100    0.2029121400
  -0.0008004400   -0.0001372900   -0.0003544100
  -0.0008142900    0.0001398000   -0.0003670300
   0.0001079500    0.0003821300   -0.0004603500
   0.0001280900   -0.0003986300   -0.0003577400
  -0.0000428000   -0.0000015300    0.0000507100
   0.0001082700    0.0006393400   -0.0004544800
  -0.0000426200   -0.0000014000    0.0000506800
   0.0001271000   -0.0006789500   -0.0003640700
  -0.0033872000    0.0082106100    0.0040993100
  -0.0005681300    0.0004234400   -0.0000062200
  -0.0000377500   -0.0000141100    0.0000092800
  -0.0000317600    0.0000915500    0.0000585800
   0.0000317900   -0.0000548300    0.0000099700
   0.0000329500   -0.0000034300    0.0000091400
  -0.0032951300   -0.0053795600    0.0041422800
  -0.0000376800    0.0000372400    0.0000100200
  -0.0005682500    0.0004306900   -0.0000159500
  -0.0062760700   -0.0062514400    0.0050251300
  -0.0063809500    0.0061120100    0.0050616100
  -0.0001105200   -0.0000058200    0.0000225000
   0.0000468200    0.0000456200   -0.0000088000
  -0.0013593200   -0.0000622400   -0.0002166500
   0.0000626400   -0.0000384500   -0.0000007600
  -0.0011173700    0.0000440200   -0.0001473800
  -0.0000137500   -0.0000178400   -0.0000168400
  -0.0000084000    0.0000215300   -0.0000274700
  -0.0002590000   -0.0004087200   -0.0001572600
  -0.0037817900   -0.0082503800    0.0051058400
   0.0000447400    0.0000430300   -0.0000000800
   0.0000391700   -0.0000250700   -0.0000083600
   0.0000035300    0.0000060400   -0.0000174500
  -0.0000326700   -0.0000333700    0.0000222600
  -0.0028995400    0.0048983900    0.0051010200
  -0.0004353800   -0.0005678500   -0.0002164400
   0.0000048100   -0.0000286100   -0.0000279000
  -0.0503022100   -0.0230340900   -0.0546639800
  -0.0001656600   -0.0005107800   -0.0005618300
  -0.0000326900   -0.0000020400    0.0000261400
   0.0000461300    0.0000741500    0.0001213200
  -0.0001855700    0.0003553500   -0.0005798200
  -0.0000049400   -0.0000090000   -0.0000080800
   0.0000009400   -0.0001062600    0.0000562600
  -0.0000131000   -0.0000172000   -0.0000159600
  -0.0000057000   -0.0000273800    0.0000494500
  -0.0102898100   -0.0257641600   -0.0346661500
  -0.0000423700    0.0001346900    0.0000847000
   0.0001410100   -0.0000901000   -0.0000279900
   0.0000244900    0.0000057400    0.0000266200
  -0.0000041000   -0.0000011400   -0.0000125200
   0.0000146200   -0.0000163100    0.0000022200
  -0.0001909400    0.0007984100   -0.0005643100
   0.0000230600   -0.0000160600   -0.0000044500
  -0.0001198500   -0.0000601400   -0.0005804900
  -0.0017378700    0.0027867100   -0.0022969500
   0.0005909600   -0.0012612000   -0.0013663600
   0.0000124300   -0.0000210000   -0.0000031300
   0.0000176900    0.0000037000   -0.0000036000
   0.0000409500   -0.0000335100   -0.0000451800
  -0.0000067300    0.0000098500   -0.0000076200
   0.0029282000   -0.0013862700   -0.0017489400
   0.0000326000    0.0000079100   -0.0000268400
   0.0000630000    0.0000160500   -0.0001035300
  -0.0490839300    0.0227951000   -0.0526938300
  -0.0000307400   -0.0000054600    0.0000352000
  -0.0001645400    0.0003428400   -0.0005439600
  -0.0001639500   -0.0004973700   -0.0005458600
   0.0000459800   -0.0000460100    0.0001192200
   0.0000059500    0.0000035200   -0.0000082500
  -0.0000071100    0.0000415400    0.0000631000
  -0.0000144300    0.0000224300   -0.0000129500
  -0.0000019700    0.0000876100    0.0000596900
  -0.0051301600   -0.0033056700   -0.0161562500
  -0.0000234400    0.0000119700   -0.0000446500
  -0.0006859000    0.0006946200   -0.0006557600
  -0.0006994300    0.0001310800   -0.0006719700
   0.0001081800    0.0001540400   -0.0000728200
   0.0000393700   -0.0000141500    0.0000062200
  -0.0000305100    0.0000142000   -0.0000409100
   0.0000138200    0.0000055400    0.0000060600
  -0.0001612400   -0.0000649300    0.0000222300
   0.0006994500    0.0009098500   -0.0012942000
  -0.0017620700   -0.0026375300   -0.0027180500
   0.0000113300    0.0000181900   -0.0000088500
  -0.0000086200   -0.0000113100   -0.0000137300
   0.0000431500    0.0000287500   -0.0000466100
   0.0000265500   -0.0000104300   -0.0000042200
   0.0025376100    0.0016237300   -0.0018455400
   0.0000862400   -0.0000213000   -0.0000648800
   0.0000457400    0.0000055400   -0.0000398300
  -0.0109200900    0.0265227200   -0.0351257500
   0.0001605200    0.0000896800   -0.0000372800
  -0.0000736700   -0.0001523600    0.0001121400
  -0.0000098200    0.0000001000   -0.0000048700
   0.0000145100   -0.0000035600    0.0000037400
   0.0000159600    0.0000210400   -0.0000045300
   0.0000646200    0.0000308300   -0.0006509700
   0.0000227000    0.0000168000   -0.0000023400
  -0.0000680900   -0.0006732900   -0.0006373400
  -0.0046513800    0.0033214100   -0.0166419900
  -0.0007219900   -0.0006158800   -0.0006641000
  -0.0000205500   -0.0000166400   -0.0000268900
   0.0000711400   -0.0001104800   -0.0000290700
  -0.0005439300   -0.0000839200   -0.0006671000
   0.0000294700    0.0000107800    0.0000086300
  -0.0001433600    0.0000054100    0.0000345800
   0.0000127100   -0.0000021400    0.0000098300
  -0.0000135000   -0.0000092100   -0.0000490700

19   
  0.0065974093549900   0.0000000000000000   0.0075149311242812
   0.0062914100   -0.0068691200   -0.0050247000
   0.0001102700   -0.0000113400   -0.0000226100
   0.0063634600    0.0066946500   -0.0050612100
   0.0011175300   -0.0000890900    0.0001476800
   0.0000092500    0.0000208100    0.0000272200
   0.0000130800   -0.0000152400    0.0000172200
  -0.0000474700    0.0000287400    0.0000091600
  -0.0000622600   -0.0000328600    0.0000005400
   0.0013590100    0.0000450000    0.0002165200
   0.0029069700    0.0081442400   -0.0049938500
  -0.0000050200   -0.0000129400    0.0000277800
   0.0004355700    0.0005911900    0.0002082900
  -0.0000399400   -0.0000488100    0.0000088200
   0.0000332300    0.0000509200   -0.0000227900
  -0.0000034200    0.0000273000    0.0000175800
   0.0002603900    0.0004613700    0.0001491800
  -0.0000451900    0.0000290700    0.0000001500
   0.0037821700   -0.0046435700   -0.0049920500
  -0.1675035500    0.0003995400   -0.2032984100
   0.0006874800    0.0002805100    0.0006046900
   0.0006743100   -0.0002509200    0.0005928900
  -0.0000275600   -0.0001586100    0.0004880300
  -0.0000006600    0.0001439600    0.0006011500
   0.0000179400    0.0000016700   -0.0000519700
  -0.0000270700   -0.0007120800    0.0004945000
   0.0000178400    0.0000016500   -0.0000519300
  -0.0000006000    0.0006724000    0.0005953400
   0.0032423600   -0.0082630300   -0.0063264300
   0.0002239500   -0.0005345100    0.0003137900
  -0.0000321900    0.0000325400    0.0000360100
   0.0000329500   -0.0000276400    0.0000113600
  -0.0000154000    0.0000218800    0.0000368900
  -0.0000142100   -0.0000466400    0.0000356900
   0.0033322500    0.0040539300   -0.0062995700
  -0.0000328400   -0.0000364900    0.0000370100
   0.0002253400   -0.0005272000    0.0003040000
   0.0052820300    0.0026218800    0.0148655800
   0.0000434900   -0.0000404600    0.0000023600
   0.0009816900   -0.0005942900    0.0006001700
   0.0005161800   -0.0001350400    0.0006116800
  -0.0000930900   -0.0001209500    0.0000038500
  -0.0000204600    0.0000086400   -0.0000149400
   0.0000166700   -0.0000214100    0.0000405300
  -0.0000140500    0.0000009000   -0.0000061900
   0.0001370200    0.0000960700    0.0000020800
   0.0020801400    0.0028382200    0.0021834000
  -0.0000063300   -0.0000189100    0.0000013000
  -0.0009682900   -0.0013813400    0.0011942500
  -0.0000255900   -0.0000207500    0.0000544100
  -0.0000237800    0.0000103300   -0.0000037700
   0.0000047800    0.0000093800    0.0000043000
  -0.0000636100    0.0000286500    0.0000934800
  -0.0000188400    0.0000064300    0.0000006000
  -0.0031149700   -0.0015521200    0.0018491000
   0.0097140800   -0.0267041600    0.0354152400
  -0.0001350100   -0.0000733700   -0.0000321200
   0.0001366300    0.0001191400   -0.0000736000
   0.0000032600   -0.0000351500    0.0000091600
  -0.0000365600    0.0000206100   -0.0000469000
  -0.0000033200   -0.0000148700   -0.0000068800
  -0.0001468200   -0.0001174500    0.0005999100
  -0.0000124300   -0.0000178100    0.0000013800
   0.0002945900    0.0009437600    0.0005887600
   0.0009384800    0.0006635700    0.0006102700
   0.0000604000    0.0000395300    0.0000175500
   0.0056898300   -0.0026470800    0.0143392400
   0.0006817600    0.0001927100    0.0006022000
  -0.0000225000   -0.0000086800   -0.0000109600
  -0.0001301500    0.0001389200    0.0000506800
  -0.0000138000    0.0000007200   -0.0000032700
   0.0000346100    0.0000330300    0.0000294100
   0.0001454900   -0.0001575700    0.0000203400
  -0.0000634000    0.0005178500    0.0006307200
   0.0000866000    0.0000056000   -0.0000572100
   0.0524414400    0.0243230000    0.0554550600
   0.0000447600   -0.0005906200    0.0006212100
   0.0000059300    0.0000077700    0.0000037300
  -0.0000021400   -0.0001509400   -0.0001383800
   0.0000193900    0.0000197500    0.0000061400
   0.0000194700    0.0000724700   -0.0000681000
  -0.0000445800    0.0001004700   -0.0001090000
   0.0104591300    0.0274368600    0.0357961900
   0.0001622000   -0.0001433900   -0.0000971200
  -0.0001419600    0.0000711200   -0.0000278400
  -0.0000252500   -0.0000229100   -0.0000253900
   0.0000064800    0.0000360600   -0.0000004300
  -0.0000044400    0.0000204800   -0.0000032700
   0.0001953500   -0.0008050500    0.0007001800
  -0.0000117100    0.0000188400    0.0000009700
  -0.0003265000    0.0000679000    0.0006686000
  -0.0010800300    0.0010315100    0.0010809100
  -0.0000056400    0.0000203300    0.0000007800
   0.0021506100   -0.0026541900    0.0026235000
  -0.0000347800    0.0000129600    0.0000516100
   0.0000106800   -0.0000089200    0.0000060300
  -0.0000362000   -0.0000144300   -0.0000072000
  -0.0000376800    0.0000034800    0.0000123100
  -0.0000832600   -0.0000301000    0.0000608200
  -0.0026724400    0.0018204600    0.0019689800
   0.0536907700   -0.0244420800    0.0573879800
   0.0000785400   -0.0000110000   -0.0000505000
  -0.0000729900   -0.0006951800    0.0006746300
   0.0000894500    0.0004804800    0.0006879100
  -0.0000049000    0.0001705200   -0.0001337900
   0.0000092400   -0.0000098500    0.0000049100
   0.0000141900   -0.0000520800   -0.0000565600
   0.0000180800   -0.0000166900    0.0000084500
  -0.0000453300   -0.0001227800   -0.0001053600

19   
 -0.0065974093549900   0.0000000000000000  -0.0075149311242812
  -0.0058935200    0.0067998500    0.0050930200
  -0.0001105000    0.0000111800    0.0000224900
  -0.0067865400   -0.0067471800    0.0049900700
  -0.0011177600    0.0000920900   -0.0001489600
  -0.0000074900   -0.0000207800   -0.0000276100
  -0.0000149000    0.0000158500   -0.0000170500
   0.0000478600   -0.0000292700   -0.0000093200
   0.0000614300    0.0000324100   -0.0000006100
  -0.0013596800   -0.0000301700   -0.0002187200
  -0.0028116300   -0.0080243400    0.0051246100
   0.0000043000    0.0000148500   -0.0000270400
  -0.0004341400   -0.0005999400   -0.0002270400
   0.0000401500    0.0000504600   -0.0000096600
  -0.0000325900   -0.0000505800    0.0000222600
   0.0000022500   -0.0000280600   -0.0000167000
  -0.0002591500   -0.0004563300   -0.0001475100
   0.0000448200   -0.0000297800   -0.0000009500
  -0.0038762400    0.0044639100    0.0050597100
   0.1674915500    0.0004551900    0.2032848300
  -0.0006746800   -0.0002814300   -0.0005929400
  -0.0006878300    0.0002490200   -0.0006047100
   0.0000353500    0.0001655600   -0.0004950800
  -0.0000070300   -0.0001393500   -0.0005963700
  -0.0000178300   -0.0000017900    0.0000518800
   0.0000360000    0.0007121200   -0.0004886500
  -0.0000178700   -0.0000018100    0.0000519000
  -0.0000069900   -0.0006725100   -0.0006021800
  -0.0033349100    0.0083777100    0.0061945700
  -0.0002247200    0.0005265400   -0.0002978100
   0.0000332100   -0.0000309900   -0.0000370300
  -0.0000338100    0.0000278900   -0.0000110700
   0.0000144800   -0.0000211400   -0.0000361400
   0.0000156900    0.0000462500   -0.0000373500
  -0.0032481300   -0.0042161000    0.0062213100
   0.0000325700    0.0000359700   -0.0000360300
  -0.0002231900    0.0005338900   -0.0003074800
  -0.0053952400   -0.0025388700   -0.0148653600
  -0.0000441900    0.0000415000   -0.0000018700
  -0.0010013300    0.0005812000   -0.0006110000
  -0.0005193500    0.0001415900   -0.0005885300
   0.0000931300    0.0001175100   -0.0000051700
   0.0000209500   -0.0000087400    0.0000151200
  -0.0000173100    0.0000216300   -0.0000409900
   0.0000143600   -0.0000007500    0.0000061700
  -0.0001366500   -0.0000972900   -0.0000025200
  -0.0020426900   -0.0028174600   -0.0021780100
   0.0000061200    0.0000184200   -0.0000015300
   0.0010127400    0.0013916900   -0.0011816900
   0.0000265700    0.0000233400   -0.0000531300
   0.0000232700   -0.0000101300    0.0000039500
  -0.0000047600   -0.0000092300   -0.0000044400
   0.0000638400   -0.0000283100   -0.0000925000
   0.0000167000   -0.0000086000    0.0000005300
   0.0031474500    0.0015635300   -0.0018420600
  -0.0096705500    0.0274984500   -0.0360271600
   0.0001317300    0.0000750400    0.0000306600
  -0.0001400400   -0.0001197300    0.0000741500
  -0.0000028200    0.0000353400   -0.0000100100
   0.0000374200   -0.0000222800    0.0000477100
   0.0000032900    0.0000149700    0.0000069100
   0.0001275200    0.0001211800   -0.0005860800
   0.0000127000    0.0000179800   -0.0000014200
  -0.0003062400   -0.0009344100   -0.0006109100
  -0.0009194400   -0.0006765800   -0.0005977400
  -0.0000596900   -0.0000384400   -0.0000183100
  -0.0055510500    0.0027386000   -0.0143325800
  -0.0006797600   -0.0001856900   -0.0006230600
   0.0000220600    0.0000085200    0.0000107200
   0.0001300700   -0.0001421200   -0.0000489000
   0.0000136200   -0.0000006600    0.0000032900
  -0.0000340700   -0.0000326100   -0.0000289100
  -0.0001454400    0.0001566000   -0.0000194200
   0.0000445100   -0.0005043400   -0.0006396500
  -0.0000865900   -0.0000066600    0.0000578100
  -0.0545861300   -0.0255979600   -0.0575754700
  -0.0000582800    0.0005745900   -0.0006321600
  -0.0000056700   -0.0000074600   -0.0000039400
  -0.0000000400    0.0001526600    0.0001407700
  -0.0000193800   -0.0000198700   -0.0000060600
  -0.0000188300   -0.0000720000    0.0000694000
   0.0000417800   -0.0001013100    0.0001103000
  -0.0104913400   -0.0266159200   -0.0351406000
  -0.0001591300    0.0001425500    0.0000968200
   0.0001451600   -0.0000694500    0.0000297100
   0.0000245400    0.0000210700    0.0000245200
  -0.0000070900   -0.0000361800    0.0000012700
   0.0000045700   -0.0000203700    0.0000033300
  -0.0001847300    0.0008161100   -0.0006782400
   0.0000114400   -0.0000187200   -0.0000009500
   0.0003441100   -0.0000635500   -0.0006821600
   0.0010402900   -0.0010198400   -0.0010943200
   0.0000059000   -0.0000208200   -0.0000005300
  -0.0021903300    0.0026799900   -0.0026296200
   0.0000338500   -0.0000104400   -0.0000528400
  -0.0000106600    0.0000090700   -0.0000058300
   0.0000367000    0.0000145600    0.0000070000
   0.0000396000   -0.0000054800   -0.0000137100
   0.0000831100    0.0000304000   -0.0000615600
   0.0026468600   -0.0018174500   -0.0019682400
  -0.0515461100    0.0231921000   -0.0552919200
  -0.0000783200    0.0000098100    0.0000500300
   0.0000924500    0.0007078900   -0.0006643400
  -0.0000759100   -0.0005008100   -0.0006761800
   0.0000063800   -0.0001690400    0.0001319800
  -0.0000093900    0.0000101900   -0.0000047400
  -0.0000148000    0.0000526100    0.0000556900
  -0.0000180000    0.0000166400   -0.0000086300
   0.0000480500    0.0001230300    0.0001045200

37   
  0.0100000000000000   0.0000000000000000   0.0000000000000000
   0.0413761600    0.0147594300    0.0302105100
   0.0000412300    0.0000144100    0.0000077200
   0.0006505700   -0.0002773400   -0.0003843500
   0.0001080200   -0.0000859300   -0.0000970100
   0.0000159100    0.0000287200   -0.0000058800
  -0.0000001100    0.0000143500    0.0000170800
  -0.0000898400    0.0001900500    0.0000169400
  -0.0000188400   -0.0000013900    0.0000229600
   0.0005429300    0.0009203800   -0.0002398400
  -0.0041481800    0.0000761700   -0.0002882000
  -0.0000843100   -0.0000176700   -0.0000121000
  -0.0000888300    0.0000199300    0.0000353300
  -0.0000067900    0.0000058100   -0.0000175200
  -0.0000153000    0.0000003100    0.0000220400
  -0.0000640600   -0.0000058800    0.0000008200
   0.0008050900   -0.0030471100    0.0015986100
  -0.0000180400    0.0000021700   -0.0000007700
   0.0008691400    0.0029445200   -0.0015908500
   0.0434232300   -0.0163112300   -0.0308717300
   0.0007079800    0.0003534600    0.0007161000
   0.0000913700   -0.0000220800   -0.0000227100
   0.0000231000   -0.0000664400    0.0000014000
   0.0000670200    0.0001020400    0.0001220100
   0.0000030000   -0.0000117000   -0.0000216300
   0.0004611000   -0.0009483400    0.0002944800
  -0.0000087400    0.0000056100   -0.0000199500
  -0.0000744300   -0.0001088800   -0.0000575500
   0.0000362000    0.0005044600   -0.0002158900
  -0.0000234900   -0.0005658200    0.0004248100
  -0.0000182700    0.0000003600   -0.0000008600
  -0.0000165400   -0.0000331700    0.0000187500
  -0.0000060000   -0.0000027100    0.0000006300
  -0.0000228900    0.0000273200   -0.0000290100
   0.0152885300    0.0005338800   -0.0005606500
  -0.0000046900    0.0000206400    0.0001886900
   0.0000209600   -0.0000178000   -0.0001942400
  -0.1143352900    0.0012941800    0.0021363000
  -0.0000382000   -0.0000366900   -0.0000047700
  -0.0000370600    0.0000156100   -0.0000387100
   0.0000188500   -0.0000272400   -0.0000423500
   0.0000111700   -0.0000110200    0.0000195100
   0.0000033800   -0.0000002300    0.0000010800
   0.0000188900    0.0000365800   -0.0000298200
   0.0000033600   -0.0000003800   -0.0000012500
   0.0000107600   -0.0000640800    0.0000251500
  -0.0009653300    0.0028730500    0.0019062200
  -0.0000035000   -0.0000170900    0.0000028200
   0.0000792200   -0.0000315800    0.0000055600
  -0.0000053400   -0.0000167300    0.0000087100
  -0.0000032700   -0.0000025700    0.0000022200
   0.0000010000    0.0000252300   -0.0000031800
   0.0000858800   -0.0000101300    0.0001459000
  -0.0000081300    0.0000163500   -0.0000033300
  -0.0013777800    0.0000174200    0.0006192600
   0.0013777700   -0.0032533200   -0.0003687700
  -0.0002079700   -0.0001219300   -0.0000436800
   0.0000233200   -0.0000089100    0.0000008600
   0.0000146200   -0.0000060500   -0.0000189500
   0.0000051700    0.0000017900    0.0000039000
   0.0000051200   -0.0000019000    0.0000059200
   0.0013697600   -0.0038224300    0.0009724100
   0.0000237100   -0.0000127000   -0.0000065400
  -0.0002046000   -0.0001197700    0.0000426300
   0.0015414700   -0.0012316700    0.0014939600
  -0.0000084900   -0.0000012600   -0.0000000600
   0.0017381600    0.0016620400   -0.0018340500
   0.0000270200   -0.0000028200    0.0000512800
  -0.0000038000    0.0000202800    0.0000019100
  -0.0000012500   -0.0000175700   -0.0000058300
  -0.0000055800    0.0000153800    0.0000166000
  -0.0000043400   -0.0000246400   -0.0000176100
   0.0000159100   -0.0000190200    0.0000231300
   0.0063671900    0.0004432600    0.0011008000
   0.0000290200    0.0000023900    0.0000030400
   0.0077076800   -0.0002715200   -0.0012716100
  -0.0000401000    0.0000202200    0.0000024100
   0.0000230400    0.0000179700    0.0000042700
   0.0000245200   -0.0000144100   -0.0000030300
   0.0000220700   -0.0000109500   -0.0000077200
   0.0000235300    0.0000081800    0.0000088600
  -0.0000289800   -0.0000123100    0.0000046000
  -0.0012352200   -0.0034294000   -0.0022672900
   0.0000828700    0.0000371200   -0.0000393100
  -0.0000069400    0.0000188600   -0.0000035100
  -0.0000001600    0.0000055100   -0.0000006900
   0.0000009700    0.0000143600   -0.0000158600
   0.0000010800   -0.0000177100   -0.0000008300
  -0.0012583100   -0.0001347800   -0.0005473700
  -0.0000071700   -0.0000133700    0.0000010400
   0.0000835800    0.0000363700   -0.0001429400
   0.0006990800    0.0027742300    0.0002030200
   0.0000295200    0.0000078600   -0.0000014200
  -0.0002497100    0.0001070400    0.0000279200
   0.0000076400   -0.0000049400   -0.0000082800
   0.0000161600    0.0000040800    0.0000205800
   0.0000050100    0.0000021100   -0.0000048600
  -0.0001867200    0.0000996800   -0.0000708100
   0.0000243900    0.0000093000    0.0000071000
   0.0013791500    0.0039547200   -0.0007902900
  -0.0023139400    0.0001776600   -0.0003230700
   0.0000602200   -0.0001561500   -0.0000449800
   0.0000606000    0.0001885400    0.0000293500
  -0.0000886200   -0.0002437900    0.0000527900
  -0.0000696800    0.0002651200   -0.0000644900
   0.0000049200   -0.0000011700   -0.0000000800
  -0.0000899900    0.0000810000    0.0000336600
   0.0000049000   -0.0000011900    0.0000008000
  -0.0000683800   -0.0000806000   -0.0000263400

37   
 -0.0100000000000000   0.0000000000000000   0.0000000000000000
  -0.0404596400   -0.0142861600   -0.0291914200
  -0.0000399700   -0.0000122400   -0.0000078800
  -0.0006922700    0.0002855100    0.0003833800
  -0.0001055700    0.0000876800    0.0000966800
  -0.0000143200   -0.0000289000    0.0000049300
  -0.0000002400   -0.0000147100   -0.0000174700
   0.0000891700   -0.0001888900   -0.0000158100
   0.0000186400    0.0000013100   -0.0000231900
  -0.0005543100   -0.0009272700    0.0002485800
   0.0041413200   -0.0000346800    0.0002747000
   0.0000825800    0.0000168000    0.0000099000
   0.0000890900   -0.0000206200   -0.0000371800
   0.0000068500   -0.0000055200    0.0000170600
   0.0000149400    0.0000000600   -0.0000225400
   0.0000636300    0.0000048200   -0.0000006400
  -0.0007638200    0.0029990500   -0.0015929000
   0.0000178900   -0.0000020000    0.0000002900
  -0.0009111600   -0.0029899700    0.0015965300
  -0.0444107200    0.0168665700    0.0320362900
  -0.0006701300   -0.0003437200   -0.0007133900
  -0.0000940000    0.0000241700    0.0000232600
  -0.0000247500    0.0000669900   -0.0000019800
  -0.0000700600   -0.0001019800   -0.0001222000
  -0.0000031200    0.0000117000    0.0000212500
  -0.0004491500    0.0009401500   -0.0002845400
   0.0000083500   -0.0000057900    0.0000198400
   0.0000748800    0.0001100500    0.0000587800
  -0.0000442800   -0.0005086000    0.0002193600
   0.0000291700    0.0005626500   -0.0004209600
   0.0000181500   -0.0000001900    0.0000004700
   0.0000164400    0.0000323200   -0.0000184100
   0.0000057400    0.0000026300   -0.0000009600
   0.0000227600   -0.0000280200    0.0000292800
  -0.0152870300   -0.0003504400    0.0004811000
   0.0000029200   -0.0000230200   -0.0001864000
  -0.0000207800    0.0000159200    0.0001969400
   0.1144682900   -0.0026608300   -0.0043290600
   0.0000372900    0.0000362700    0.0000092100
   0.0000384500   -0.0000156800    0.0000434700
  -0.0000194800    0.0000297400    0.0000441900
  -0.0000105300    0.0000138500   -0.0000177900
  -0.0000035800    0.0000003500   -0.0000010600
  -0.0000194400   -0.0000355300    0.0000294400
  -0.0000036200    0.0000001600    0.0000009800
  -0.0000109400    0.0000650300   -0.0000258200
   0.0009360600   -0.0028021100   -0.0018782900
   0.0000031500    0.0000163600   -0.0000025500
  -0.0000757800    0.0000318200   -0.0000017900
   0.0000051700    0.0000163400   -0.0000088200
   0.0000029100    0.0000025000   -0.0000019700
  -0.0000012400   -0.0000246900    0.0000033200
  -0.0000844600    0.0000086600   -0.0001386900
   0.0000082300   -0.0000166800    0.0000032400
   0.0013918100   -0.0000174600   -0.0006359900
  -0.0013750500    0.0032816200    0.0003685200
   0.0002029100    0.0001202500    0.0000454700
  -0.0000239000    0.0000089100   -0.0000007900
  -0.0000146500    0.0000061100    0.0000189800
  -0.0000053800   -0.0000015200   -0.0000041700
  -0.0000054600    0.0000018600   -0.0000062200
  -0.0013828100    0.0038056100   -0.0009745200
  -0.0000235300    0.0000122200    0.0000061700
   0.0002062300    0.0001223800   -0.0000438600
  -0.0015428700    0.0012484800   -0.0014830200
   0.0000083900    0.0000012900    0.0000002700
  -0.0017374800   -0.0016470800    0.0018479200
  -0.0000273300    0.0000005500   -0.0000461400
   0.0000034100   -0.0000198100   -0.0000018900
   0.0000011900    0.0000180200    0.0000057400
   0.0000051200   -0.0000150800   -0.0000165200
   0.0000043100    0.0000250500    0.0000176800
  -0.0000160700    0.0000199200   -0.0000217200
  -0.0062003700   -0.0004395900   -0.0010705900
  -0.0000291400   -0.0000032700   -0.0000030600
  -0.0079012400    0.0002727300    0.0012981400
   0.0000398700   -0.0000187100   -0.0000009300
  -0.0000231500   -0.0000173900   -0.0000040600
  -0.0000248300    0.0000148300    0.0000031800
  -0.0000223000    0.0000108800    0.0000079200
  -0.0000238400   -0.0000082400   -0.0000086700
   0.0000290200    0.0000146200   -0.0000066300
   0.0012646800    0.0035077800    0.0022994000
  -0.0000870300   -0.0000371100    0.0000438100
   0.0000068800   -0.0000195700    0.0000036700
  -0.0000000200   -0.0000056700    0.0000008300
  -0.0000013000   -0.0000147500    0.0000158500
  -0.0000012500    0.0000180800    0.0000010600
   0.0012412800    0.0001333000    0.0005295000
   0.0000066500    0.0000131100   -0.0000010500
  -0.0000863000   -0.0000378900    0.0001496500
  -0.0007041500   -0.0027467100   -0.0001966200
  -0.0000290900   -0.0000079700    0.0000015800
   0.0002559200   -0.0001084800   -0.0000260600
  -0.0000078800    0.0000051100    0.0000081000
  -0.0000166300   -0.0000039200   -0.0000205300
  -0.0000051000   -0.0000021300    0.0000045600
   0.0001843900   -0.0000970500    0.0000692600
  -0.0000250700   -0.0000097700   -0.0000074900
  -0.0013621900   -0.0039705200    0.0007861100
   0.0023118800   -0.0001798100    0.0002410200
  -0.0000609200    0.0001543600    0.0000444400
  -0.0000605300   -0.0001907900   -0.0000297600
   0.0000895700    0.0002445500   -0.0000526300
   0.0000681800   -0.0002637700    0.0000642600
  -0.0000051200    0.0000011700    0.0000002500
   0.0000882000   -0.0000813300   -0.0000344300
  -0.0000051300    0.0000011200   -0.0000006000
   0.0000695000    0.0000803500    0.0000258500

37   
  0.0000000000000000   0.0000000000000000   0.0100000000000000
   0.0285476600    0.0164814800    0.0472292500
  -0.0000403400   -0.0000631100    0.0000016900
  -0.0001083600   -0.0000243200    0.0008213100
  -0.0000180100   -0.0001232400   -0.0000594700
  -0.0000748100   -0.0000033600    0.0000016800
   0.0000202500    0.0000116800    0.0000046500
  -0.0001157300    0.0000460400   -0.0000594900
   0.0000128000    0.0000074300   -0.0000001100
  -0.0000752400   -0.0000816700    0.0008213100
  -0.0000744300    0.0008947600    0.0023930900
   0.0000474700    0.0000274000    0.0000978600
  -0.0000298200    0.0000142600    0.0000633300
  -0.0000076500   -0.0000044200    0.0000121400
   0.0000027100   -0.0000064400    0.0000086800
  -0.0000025500   -0.0000329400    0.0000633300
   0.0007376500   -0.0005118500    0.0023931000
  -0.0000042200    0.0000055600    0.0000086800
  -0.0010158100   -0.0005864400    0.0027229200
  -0.0319826000    0.0186800200    0.0478146700
  -0.0000291200   -0.0000402400    0.0008513300
   0.0000403900   -0.0000638200   -0.0000308100
   0.0000736800   -0.0000128900   -0.0000090100
   0.0000829500   -0.0000870700   -0.0000683900
  -0.0000115600    0.0000068100    0.0000019900
  -0.0000501900   -0.0000668800    0.0008549800
  -0.0000151400    0.0000053300   -0.0000065200
   0.0001058100   -0.0000040900   -0.0000855700
  -0.0000830000   -0.0000100500    0.0008549700
  -0.0000494600   -0.0000051100    0.0008513300
   0.0000001300   -0.0000133900    0.0000019800
   0.0000256800    0.0000702500   -0.0000090000
  -0.0000029800   -0.0000157900   -0.0000065300
  -0.0000350600    0.0000668600   -0.0000308100
   0.0001849900   -0.0370377200    0.0478146200
  -0.0000338700    0.0001153700   -0.0000683700
   0.0000493600    0.0000937200   -0.0000855700
   0.0032976300    0.0019037700   -0.1498212500
  -0.0000428300    0.0000528100   -0.0003125000
  -0.0000053400    0.0000250000   -0.0003129000
  -0.0000284900   -0.0000341900   -0.0003201900
   0.0000242900   -0.0000635100   -0.0003125000
  -0.0000011300   -0.0000006600    0.0000032200
  -0.0000438400   -0.0000075900   -0.0003201800
   0.0000010000    0.0000006000    0.0000031800
   0.0000189800   -0.0000170900   -0.0003129100
  -0.0003229100    0.0019208900    0.0000760400
   0.0000056600    0.0000179600    0.0000058900
  -0.0000644500    0.0001029700   -0.0003464000
  -0.0000007300    0.0000016900    0.0000106700
   0.0000008800   -0.0000010300    0.0000118700
  -0.0000185300   -0.0000115900    0.0000111900
   0.0000211000    0.0000102100   -0.0003253400
  -0.0000007600   -0.0000038500    0.0000162600
  -0.0023639800   -0.0007319400    0.0004780700
   0.0009754000   -0.0010000400   -0.0036324500
   0.0000412500    0.0000238000    0.0000149400
  -0.0000063000    0.0000083100   -0.0000204600
  -0.0000190700   -0.0000110200    0.0000040300
   0.0000058900   -0.0000028700   -0.0000199900
   0.0000040100   -0.0000096500   -0.0000204900
  -0.0003783100    0.0013447500   -0.0036324600
   0.0000005000    0.0000065500   -0.0000199500
  -0.0000445000   -0.0000256800    0.0000124700
   0.0015020500   -0.0012401300    0.0000760700
  -0.0000004500    0.0000012600    0.0000118400
  -0.0018159100   -0.0016812400    0.0004780600
   0.0000193800    0.0000131500   -0.0003253500
   0.0000183900   -0.0000040700    0.0000058900
  -0.0000193100   -0.0000103000    0.0000111700
   0.0000011000   -0.0000014700    0.0000106800
  -0.0000037000    0.0000013000    0.0000163100
   0.0000569500   -0.0001072600   -0.0003463700
  -0.0012205200   -0.0003900100   -0.0039991200
  -0.0000022800    0.0000245600    0.0000064100
   0.0014248000   -0.0001664500   -0.0036120200
  -0.0000037500    0.0000660600    0.0000228800
   0.0000102300   -0.0000115100   -0.0000295500
  -0.0000120800   -0.0000044600   -0.0000218600
  -0.0000056200   -0.0000005600   -0.0000284700
   0.0000062200   -0.0000004900   -0.0000215300
   0.0000012900   -0.0000984800    0.0000215300
   0.0005365700    0.0023167000    0.0002518000
   0.0001469600    0.0000848400   -0.0003268700
  -0.0000012800    0.0000190200    0.0000109200
   0.0000008300    0.0000004700    0.0000102600
   0.0000007900    0.0000035300    0.0000111700
   0.0000158000   -0.0000106500    0.0000109500
   0.0022745900   -0.0006937500    0.0002518500
   0.0000034800   -0.0000010700    0.0000111400
   0.0000394000    0.0000227500   -0.0003252400
  -0.0009481000   -0.0008619500   -0.0039992500
  -0.0000048700    0.0000146100   -0.0000295400
  -0.0000846600    0.0000503800    0.0000215700
  -0.0000033000   -0.0000045800   -0.0000284700
   0.0000201700   -0.0000142800    0.0000064300
  -0.0000098700   -0.0000082400   -0.0000218800
   0.0000553400   -0.0000363000    0.0000228600
   0.0000026600    0.0000056400   -0.0000214900
   0.0005682600    0.0013171300   -0.0036121500
   0.0002855600    0.0001648100    0.0191645000
  -0.0000301900    0.0000468700    0.0000310700
   0.0000451200    0.0000482700    0.0000312800
  -0.0000336400   -0.0000413500    0.0000536300
   0.0000255000   -0.0000495900    0.0000310700
  -0.0000007100   -0.0000004300   -0.0000021200
  -0.0000526100   -0.0000084500    0.0000536400
   0.0000000700    0.0000000600   -0.0000020800
   0.0000643700    0.0000149600    0.0000313000

37   
  0.0000000000000000   0.0000000000000000  -0.0100000000000000
  -0.0275912400   -0.0159292600   -0.0463991200
   0.0000391700    0.0000627400    0.0000008300
   0.0000637600    0.0000192700   -0.0008123800
   0.0000147200    0.0001211200    0.0000598700
   0.0000739700    0.0000025400    0.0000008300
  -0.0000193500   -0.0000111500   -0.0000041800
   0.0001122500   -0.0000478200    0.0000598700
  -0.0000126700   -0.0000073100    0.0000003500
   0.0000485800    0.0000456100   -0.0008123800
   0.0000779900   -0.0009294300   -0.0023860700
  -0.0000473300   -0.0000272700   -0.0000935800
   0.0000295400   -0.0000143800   -0.0000593400
   0.0000074600    0.0000043200   -0.0000114500
  -0.0000024300    0.0000062400   -0.0000079500
   0.0000023200    0.0000327600   -0.0000593400
  -0.0007658900    0.0005322500   -0.0023860900
   0.0000041400   -0.0000052500   -0.0000079500
   0.0010488400    0.0006055000   -0.0027154500
   0.0308735200   -0.0180544500   -0.0469236900
   0.0000675700    0.0000361100   -0.0008460100
  -0.0000388600    0.0000636500    0.0000328700
  -0.0000730000    0.0000114800    0.0000110500
  -0.0000791600    0.0000857300    0.0000675900
   0.0000109300   -0.0000064700   -0.0000015100
   0.0000740800    0.0000305900   -0.0008515800
   0.0000151100   -0.0000053900    0.0000067300
  -0.0001023500    0.0000014700    0.0000846400
   0.0000635900    0.0000488200   -0.0008515700
   0.0000650100    0.0000404900   -0.0008460000
  -0.0000001600    0.0000127500   -0.0000015100
  -0.0000265600   -0.0000689300    0.0000110500
   0.0000028500    0.0000158100    0.0000067200
   0.0000357200   -0.0000655200    0.0000328800
  -0.0001978800    0.0357645400   -0.0469236900
   0.0000347300   -0.0001114900    0.0000675900
  -0.0000499200   -0.0000893700    0.0000846500
  -0.0031657600   -0.0018277300    0.1469430400
   0.0000393300   -0.0000533900    0.0003072100
   0.0000087100   -0.0000260800    0.0003068400
   0.0000308200    0.0000316100    0.0003147800
  -0.0000266000    0.0000607800    0.0003072100
   0.0000012200    0.0000006700   -0.0000037500
   0.0000427700    0.0000108800    0.0003147800
  -0.0000009400   -0.0000005400   -0.0000038200
  -0.0000182300    0.0000205400    0.0003067100
   0.0003280900   -0.0019374100   -0.0000710000
  -0.0000052400   -0.0000176500   -0.0000060300
   0.0000649000   -0.0001027700    0.0003427200
   0.0000008300   -0.0000016700   -0.0000103700
  -0.0000010000    0.0000011100   -0.0000116500
   0.0000185300    0.0000111300   -0.0000112000
  -0.0000168600   -0.0000126400    0.0003256700
   0.0000008300    0.0000037200   -0.0000158700
   0.0023845300    0.0007344600   -0.0004718300
  -0.0009711200    0.0009750800    0.0036028900
  -0.0000450700   -0.0000260400   -0.0000150300
   0.0000065100   -0.0000082800    0.0000193500
   0.0000190100    0.0000109600   -0.0000050800
  -0.0000061100    0.0000023200    0.0000197700
  -0.0000039300    0.0000098100    0.0000193100
   0.0003588100   -0.0013285600    0.0036029000
  -0.0000010100   -0.0000064700    0.0000197500
   0.0000447900    0.0000258900   -0.0000174900
  -0.0015137500    0.0012529300   -0.0000710500
   0.0000004400   -0.0000014400   -0.0000116700
   0.0018283200    0.0016977800   -0.0004718000
  -0.0000193300   -0.0000082900    0.0003256200
  -0.0000179400    0.0000042900   -0.0000059900
   0.0000189100    0.0000105100   -0.0000112100
  -0.0000010300    0.0000015600   -0.0000103700
   0.0000036200   -0.0000011500   -0.0000158000
  -0.0000565200    0.0001075600    0.0003427500
   0.0012080600    0.0003936800    0.0039604600
   0.0000023500   -0.0000243700   -0.0000075200
  -0.0013975300    0.0001778000    0.0035820500
   0.0000037800   -0.0000671700   -0.0000280800
  -0.0000102100    0.0000111900    0.0000282600
   0.0000121100    0.0000042300    0.0000206900
   0.0000053700    0.0000009700    0.0000281100
  -0.0000059900    0.0000010300    0.0000212400
   0.0000001800    0.0001033300   -0.0000216400
  -0.0005402600   -0.0023341000   -0.0002453800
  -0.0001454100   -0.0000839800    0.0003234700
   0.0000009400   -0.0000187600   -0.0000110600
  -0.0000005200   -0.0000003100   -0.0000100400
  -0.0000009300   -0.0000036200   -0.0000107900
  -0.0000157800    0.0000102400   -0.0000110200
  -0.0022915600    0.0006992200   -0.0002454300
  -0.0000035500    0.0000009700   -0.0000107500
  -0.0000436000   -0.0000251500    0.0003251200
   0.0009449400    0.0008493300    0.0039605900
   0.0000045900   -0.0000144200    0.0000283100
   0.0000895800   -0.0000515600   -0.0000216100
   0.0000035200    0.0000041900    0.0000280900
  -0.0000199400    0.0000142500   -0.0000075900
   0.0000096900    0.0000083800    0.0000206800
  -0.0000563000    0.0000368100   -0.0000281200
  -0.0000020800   -0.0000056800    0.0000213000
  -0.0005447800   -0.0012991400    0.0035821900
  -0.0002784400   -0.0001608700   -0.0187644000
   0.0000290000   -0.0000474300   -0.0000292100
  -0.0000441500   -0.0000487000   -0.0000289800
   0.0000345300    0.0000411300   -0.0000511100
  -0.0000266100    0.0000488800   -0.0000292000
   0.0000008100    0.0000004300    0.0000021400
   0.0000529000    0.0000093500   -0.0000510900
  -0.0000000500   -0.0000000200    0.0000022000
  -0.0000642500   -0.0000139300   -0.0000288700

46   
  0.0100000000000000   0.0000000000000000   0.0000000000000000
   0.0160726700   -0.0002475300   -0.0003854600
  -0.0000510500    0.0000828700   -0.0001411700
  -0.0000889900   -0.0000989200    0.0001369200
   0.0000900800    0.0005975500    0.0001788700
   0.0001502000   -0.0004998900    0.0000435700
  -0.0000349100   -0.0000010400   -0.0000002400
  -0.0000110900   -0.0000199400   -0.0000236800
  -0.0000233800    0.0000017800    0.0000011600
  -0.0000083500    0.0000224800    0.0000116100
   0.0413302400   -0.0145877400    0.0293928100
   0.0006669800    0.0002771600   -0.0003333400
   0.0000394300   -0.0000243900    0.0000050000
   0.0000269500   -0.0000277200   -0.0000150800
   0.0001228500    0.0000839100   -0.0001049700
   0.0000004200   -0.0000210000    0.0000189200
   0.0006654100   -0.0009510900   -0.0003555400
  -0.0000343700    0.0000026900    0.0000221200
  -0.0001159700   -0.0001542300    0.0000412100
   0.0007408200    0.0028993300    0.0020712000
   0.0009127500   -0.0028723700   -0.0021082200
  -0.0000089800    0.0000005200   -0.0000001400
  -0.0000769100    0.0000104300   -0.0000157100
  -0.0043850600   -0.0000053400   -0.0003092100
  -0.0000766600   -0.0000173700    0.0000444000
  -0.0000456900    0.0000061300    0.0000051900
  -0.0000239000   -0.0000037300    0.0000276700
  -0.0000097800    0.0000019100   -0.0000225600
   0.0006448000   -0.0003554700    0.0006527500
   0.0453038500    0.0171537100   -0.0324545800
   0.0001126200    0.0000400300   -0.0000179700
   0.0000044800    0.0000155500   -0.0000218200
   0.0000793300   -0.0001101300    0.0001253700
   0.0000411200    0.0000754700    0.0000104300
   0.0005486500    0.0009540000    0.0004131400
  -0.0000995800    0.0000598600   -0.0000865200
  -0.0000125100   -0.0000008500   -0.0000185700
  -0.0009437100    0.0001976000   -0.0003166600
   0.0000784500   -0.0000556800   -0.0000676700
  -0.0000032500    0.0000198200    0.0000055100
   0.0000870700   -0.0000350800    0.0000163500
  -0.0014000000    0.0034985600   -0.0023915200
  -0.0000083900   -0.0000229700   -0.0000008400
  -0.0000054300    0.0000154000   -0.0000008800
   0.0000011200   -0.0000192400   -0.0000184400
  -0.0000031600   -0.0000043900    0.0000008100
  -0.1154391600   -0.0027896500    0.0045159800
  -0.0000185900   -0.0000284300   -0.0000526900
  -0.0000174200    0.0000507600   -0.0000045200
   0.0000180200    0.0000084100    0.0000721000
   0.0000303800    0.0000247600   -0.0001043000
   0.0000073500    0.0000003200    0.0000012300
   0.0000183600    0.0000756600    0.0000468900
   0.0000073600    0.0000000400   -0.0000016500
   0.0000305200   -0.0000553200   -0.0000519800
   0.0015414500    0.0014059800    0.0015032800
   0.0017384700   -0.0017780800   -0.0018281200
  -0.0000085800    0.0000006900   -0.0000005500
  -0.0000053800   -0.0000163100    0.0000010300
   0.0000160200    0.0000028200    0.0000542600
  -0.0000044400    0.0000145000   -0.0000037400
   0.0000270500    0.0000241900    0.0000189600
  -0.0000013300    0.0000265700   -0.0000190700
  -0.0000036300   -0.0000163700    0.0000180500
   0.0006733700   -0.0038515600   -0.0007681600
   0.0000332300   -0.0000123100   -0.0000047500
  -0.0002350200   -0.0000910100   -0.0001208000
   0.0006836600   -0.0029028600    0.0003943500
  -0.0002393900   -0.0000931000    0.0000328400
   0.0000327000   -0.0000061900    0.0000012200
   0.0000198100   -0.0000093200    0.0000215600
   0.0000077700    0.0000084900   -0.0000140900
   0.0000076800    0.0000025700   -0.0000024000
  -0.0010782100   -0.0000989100    0.0004032400
  -0.0000006200   -0.0000253500   -0.0000092200
   0.0000739700    0.0000301400    0.0000725000
  -0.0010580200   -0.0027478700    0.0019443100
   0.0000727400    0.0000309500   -0.0000525600
  -0.0000003600    0.0000190500   -0.0000003700
  -0.0000049900   -0.0000012200    0.0000004200
  -0.0000067700    0.0000227900    0.0000112700
  -0.0000066400   -0.0000212800   -0.0000045500
   0.0061981400   -0.0004598300    0.0011987200
   0.0079032000    0.0002489300   -0.0014254900
   0.0000289300   -0.0000039600    0.0000024200
   0.0000219900   -0.0000131600    0.0000054000
  -0.0000290400   -0.0000205400   -0.0000012300
   0.0000237200    0.0000103100   -0.0000060500
  -0.0000402600    0.0000154400    0.0000046400
   0.0000246500   -0.0000091800    0.0000119800
   0.0000230000    0.0000115300   -0.0000102600
  -0.0027646500   -0.0001742900   -0.0002690500
   0.0000665500   -0.0001907100    0.0000241600
   0.0000670000    0.0001566600   -0.0000374000
  -0.0000940100   -0.0002808700   -0.0000552000
  -0.0001190400    0.0002646400    0.0000453100
   0.0000096700    0.0000011100   -0.0000005600
  -0.0000957600    0.0000831300   -0.0000087000
   0.0000096700    0.0000009300    0.0000011500
  -0.0001171300   -0.0000832600    0.0000150100
   0.0007079500    0.0036542900    0.0009495600
  -0.0002538800    0.0001171300    0.0000879000
   0.0000291000    0.0000139200    0.0000048100
  -0.0001833200    0.0001028300   -0.0000564000
   0.0013692100    0.0034581100   -0.0005560500
   0.0000248600    0.0000075900   -0.0000023600
   0.0000077400   -0.0000025500    0.0000035700
   0.0000049600   -0.0000030600    0.0000099100
   0.0000162500    0.0000106400   -0.0000199900

46   
 -0.0100000000000000   0.0000000000000000   0.0000000000000000
  -0.0160750500    0.0004148700    0.0004483600
   0.0000508700   -0.0000842700    0.0001394300
   0.0000904300    0.0000971700   -0.0001382700
  -0.0000984900   -0.0006030800   -0.0001804500
  -0.0001393300    0.0004945000   -0.0000451100
   0.0000348400    0.0000009600    0.0000006400
   0.0000113900    0.0000189700    0.0000234500
   0.0000233500   -0.0000013700   -0.0000007800
   0.0000078300   -0.0000235900   -0.0000118800
  -0.0422608900    0.0150750200   -0.0304396300
  -0.0006259400   -0.0002683900    0.0003340000
  -0.0000416400    0.0000266000   -0.0000050400
  -0.0000286800    0.0000281300    0.0000159600
  -0.0001263400   -0.0000811700    0.0001049100
  -0.0000005000    0.0000208100   -0.0000185400
  -0.0006534200    0.0009454500    0.0003457800
   0.0000344100   -0.0000028300   -0.0000219000
   0.0001162600    0.0001551400   -0.0000424700
  -0.0007773700   -0.0029418700   -0.0020820600
  -0.0008762500    0.0028329200    0.0020975600
   0.0000089800   -0.0000005100    0.0000004800
   0.0000781800   -0.0000105500    0.0000176500
   0.0043926200    0.0000383400    0.0003182800
   0.0000761400    0.0000173500   -0.0000426600
   0.0000459700   -0.0000072400   -0.0000057700
   0.0000239600    0.0000041500   -0.0000271900
   0.0000095700   -0.0000017000    0.0000229700
  -0.0006818900    0.0003658000   -0.0006553800
  -0.0443143000   -0.0165882600    0.0312669800
  -0.0001095900   -0.0000376600    0.0000173000
  -0.0000043900   -0.0000154000    0.0000222000
  -0.0000759600    0.0001112000   -0.0001256400
  -0.0000398100   -0.0000745900   -0.0000098700
  -0.0005614700   -0.0009610600   -0.0004242700
   0.0000988600   -0.0000591900    0.0000851700
   0.0000125000    0.0000006800    0.0000186500
   0.0009575600   -0.0002006000    0.0003342800
  -0.0000764000    0.0000542600    0.0000617200
   0.0000034900   -0.0000199500   -0.0000053800
  -0.0000830900    0.0000352600   -0.0000216400
   0.0013700100   -0.0034170400    0.0023575000
   0.0000080600    0.0000223500    0.0000008100
   0.0000052500   -0.0000149000    0.0000007500
  -0.0000010600    0.0000190100    0.0000186300
   0.0000031100    0.0000043400   -0.0000010600
   0.1153408300    0.0013950100   -0.0022417300
   0.0000169400    0.0000281800    0.0000480100
   0.0000180400   -0.0000517100    0.0000001100
  -0.0000189400   -0.0000056300   -0.0000743500
  -0.0000299000   -0.0000224200    0.0001019700
  -0.0000073800    0.0000000000   -0.0000012100
  -0.0000186000   -0.0000745700   -0.0000461200
  -0.0000073600   -0.0000002300    0.0000019300
  -0.0000298400    0.0000567300    0.0000524600
  -0.0015427700   -0.0013899800   -0.0015126600
  -0.0017371000    0.0017928800    0.0018164200
   0.0000084500   -0.0000004200    0.0000004100
   0.0000054900    0.0000166600   -0.0000010800
  -0.0000158500   -0.0000048000   -0.0000592400
   0.0000042900   -0.0000141100    0.0000037800
  -0.0000271800   -0.0000239700   -0.0000198300
   0.0000012000   -0.0000260700    0.0000190900
   0.0000037200    0.0000167500   -0.0000181800
  -0.0006893400    0.0038327200    0.0007761000
  -0.0000328000    0.0000118600    0.0000050400
   0.0002373200    0.0000939600    0.0001227900
  -0.0006793500    0.0029360200   -0.0004001700
   0.0002329800    0.0000919300   -0.0000339700
  -0.0000333400    0.0000061800   -0.0000012800
  -0.0000195600    0.0000098000   -0.0000215600
  -0.0000076900   -0.0000082100    0.0000143700
  -0.0000078000   -0.0000024500    0.0000028100
   0.0010669100    0.0000974500   -0.0003872900
   0.0000004000    0.0000250800    0.0000092900
  -0.0000752700   -0.0000315300   -0.0000791400
   0.0010873600    0.0028210700   -0.0019735500
  -0.0000765500   -0.0000306300    0.0000479900
   0.0000006800   -0.0000196700    0.0000002200
   0.0000051100    0.0000013700   -0.0000006500
   0.0000067400   -0.0000230600   -0.0000111000
   0.0000068600    0.0000219700    0.0000043700
  -0.0063693300    0.0004632800   -0.0012308300
  -0.0077056900   -0.0002488700    0.0013977700
  -0.0000290700    0.0000033800   -0.0000023900
  -0.0000222000    0.0000135800   -0.0000055800
   0.0000290500    0.0000223700   -0.0000001100
  -0.0000235500   -0.0000100100    0.0000059400
   0.0000398600   -0.0000131500   -0.0000028000
  -0.0000246200    0.0000092400   -0.0000121900
  -0.0000230600   -0.0000114700    0.0000101400
   0.0027670200    0.0001715400    0.0003407100
  -0.0000669500    0.0001891300   -0.0000234200
  -0.0000665400   -0.0001579600    0.0000383000
   0.0000958100    0.0002825800    0.0000557800
   0.0001173300   -0.0002636600   -0.0000451200
  -0.0000097200   -0.0000008700    0.0000003200
   0.0000941000   -0.0000832600    0.0000092900
  -0.0000097000   -0.0000010000   -0.0000013500
   0.0001191900    0.0000830900   -0.0000141300
  -0.0006948500   -0.0036720200   -0.0009438000
   0.0002518100   -0.0001143800   -0.0000863700
  -0.0000294200   -0.0000143000   -0.0000046400
   0.0001880300   -0.0001042100    0.0000552300
  -0.0013723100   -0.0034254900    0.0005573000
  -0.0000244900   -0.0000075400    0.0000023100
  -0.0000076200    0.0000026700   -0.0000032900
  -0.0000050900    0.0000034700   -0.0000096600
  -0.0000164700   -0.0000103500    0.0000200900

46   
  0.0000000000000000   0.0000000000000000   0.0100000000000000
   0.0001464200    0.0321850900    0.0459959400
   0.0001062900   -0.0000918300   -0.0000549300
  -0.0000918400   -0.0001126900   -0.0000323800
  -0.0000684800   -0.0000598900    0.0008175000
  -0.0000324400   -0.0000448800    0.0007925800
   0.0000014900    0.0000151100    0.0000045400
  -0.0000244900   -0.0000769200   -0.0000162400
  -0.0000051700    0.0000154600    0.0000016100
   0.0000125400   -0.0000769500    0.0000058600
   0.0279459000   -0.0159665200    0.0459960100
  -0.0000551100   -0.0000056600    0.0007926100
  -0.0000603500    0.0000493200    0.0000058500
  -0.0000788100    0.0000173100   -0.0000162200
  -0.0000263500    0.0001380100   -0.0000549100
   0.0000138600   -0.0000062400    0.0000045500
  -0.0000861200   -0.0000293600    0.0008174700
   0.0000108200   -0.0000122100    0.0000016300
  -0.0001435000   -0.0000231600   -0.0000323800
   0.0008409500    0.0004855500    0.0021750000
  -0.0011054700    0.0005286300    0.0025381900
   0.0000007400   -0.0000086000    0.0000013700
   0.0000603600   -0.0000332500    0.0000688100
  -0.0000949600   -0.0012217000    0.0025382000
  -0.0000457700   -0.0000264400    0.0000391700
   0.0000013900    0.0000688900    0.0000688100
   0.0000086100    0.0000049700   -0.0000018300
  -0.0000070900    0.0000049300    0.0000013500
  -0.0000425100   -0.0000015200    0.0008223700
  -0.0313929800   -0.0181241300    0.0466753800
   0.0000564500    0.0000530200   -0.0000271100
  -0.0000066400   -0.0000038400    0.0000018300
   0.0000961200    0.0001079700   -0.0000589500
   0.0000741100    0.0000223800   -0.0000271100
  -0.0000225500   -0.0000360700    0.0008223700
   0.0001415700    0.0000292500   -0.0000589200
  -0.0000109600   -0.0000063300   -0.0000045900
   0.0019005600    0.0006289000    0.0000713900
   0.0000061300    0.0000222900   -0.0003446800
   0.0000027700    0.0000006500    0.0000059900
   0.0001415500   -0.0000256400   -0.0003236200
   0.0006307700   -0.0024976100    0.0004720400
  -0.0000030200   -0.0000183100    0.0000162200
   0.0000087500    0.0000138000    0.0000106900
  -0.0000031300   -0.0000047700    0.0000111700
   0.0000020000   -0.0000012900    0.0000118500
   0.0033138600    0.0019131100   -0.1437287500
  -0.0000039900   -0.0000591900   -0.0003046900
  -0.0000484000   -0.0000900300   -0.0003051000
   0.0000476400    0.0000562700   -0.0003071600
  -0.0000533100    0.0000261900   -0.0003046300
  -0.0000017600   -0.0000010200    0.0000009900
   0.0000725400    0.0000131500   -0.0003071600
   0.0000011700    0.0000006600    0.0000009800
  -0.0001021100    0.0000030600   -0.0003050400
   0.0014949500    0.0013314200    0.0000713900
  -0.0018475300    0.0017951300    0.0004720600
  -0.0000001200    0.0000023600    0.0000118600
   0.0000163500    0.0000006900    0.0000106900
   0.0000224100   -0.0000058000   -0.0003447100
  -0.0000173700    0.0000065300    0.0000162000
   0.0000486000    0.0001354000   -0.0003236100
  -0.0000056900   -0.0000003200    0.0000111800
   0.0000018700    0.0000020600    0.0000059000
   0.0003914800   -0.0011156300   -0.0039261500
   0.0000010300   -0.0000038200   -0.0000307400
   0.0000344000    0.0000199400    0.0000437400
  -0.0007704000    0.0008968300   -0.0039260600
  -0.0001235900   -0.0000713800    0.0000417900
  -0.0000047600   -0.0000134000   -0.0000302100
   0.0000215100    0.0000124000    0.0000098100
  -0.0000027900    0.0000027800   -0.0000307100
  -0.0000140100    0.0000026000   -0.0000302300
  -0.0019686600    0.0006757300    0.0002655700
   0.0000002900    0.0000048900    0.0000120500
   0.0000477400    0.0000276300   -0.0003426900
  -0.0003991700   -0.0020427900    0.0002656100
  -0.0000758300   -0.0000438000   -0.0003403500
   0.0000090000   -0.0000180500    0.0000121700
  -0.0000004500   -0.0000002800    0.0000115500
   0.0000043800   -0.0000022200    0.0000120300
  -0.0000111500    0.0000168500    0.0000121700
  -0.0010798700    0.0003974300   -0.0039604000
   0.0012717300    0.0001735000   -0.0035820100
  -0.0000029900   -0.0000220000    0.0000073900
   0.0000078200    0.0000048100   -0.0000277300
  -0.0000055800   -0.0000286600    0.0000238000
  -0.0000087300   -0.0000034400   -0.0000208900
  -0.0000022600    0.0000839000    0.0000258600
   0.0000030400    0.0000039000   -0.0000212900
  -0.0000040500    0.0000043400   -0.0000287700
   0.0003012200    0.0001739700    0.0179561500
   0.0000374100   -0.0000386800    0.0000514000
  -0.0000231700   -0.0000385900    0.0000516400
   0.0000093300    0.0000582500    0.0000367700
  -0.0000148100    0.0000518000    0.0000513400
  -0.0000012500   -0.0000007200   -0.0000007600
   0.0000550900   -0.0000210100    0.0000367900
   0.0000004100    0.0000002300   -0.0000007200
  -0.0000449400   -0.0000008400    0.0000515800
  -0.0001958000   -0.0011338900   -0.0039605500
  -0.0000276400    0.0000094700    0.0000237600
   0.0000017700   -0.0000056400   -0.0000288500
   0.0000715100   -0.0000439200    0.0000258700
   0.0007861100    0.0010145600   -0.0035821100
  -0.0000073400   -0.0000058600   -0.0000208900
   0.0000080500    0.0000043600   -0.0000277300
   0.0000049000    0.0000006800   -0.0000212800
  -0.0000204800    0.0000084100    0.0000074600

46   
  0.0000000000000000   0.0000000000000000  -0.0100000000000000
  -0.0001350000   -0.0333311200   -0.0468526900
  -0.0001070700    0.0000968400    0.0000545700
   0.0000921300    0.0001173400    0.0000318900
   0.0000557400    0.0000975200   -0.0008279800
   0.0000486500    0.0000862800   -0.0008008400
  -0.0000014400   -0.0000160900   -0.0000051300
   0.0000237500    0.0000782300    0.0000137300
   0.0000052700   -0.0000156200   -0.0000019300
  -0.0000115100    0.0000781700   -0.0000083600
  -0.0289325800    0.0165494000   -0.0468527400
   0.0000990300   -0.0000010000   -0.0008008500
   0.0000619200   -0.0000490900   -0.0000083500
   0.0000796500   -0.0000185300    0.0000137200
   0.0000303800   -0.0001411100    0.0000545700
  -0.0000146500    0.0000068300   -0.0000051200
   0.0001123200   -0.0000004800   -0.0008280000
  -0.0000108400    0.0000124000   -0.0000018900
   0.0001477100    0.0000211300    0.0000318800
  -0.0008155900   -0.0004708200   -0.0021745000
   0.0010742500   -0.0005148900   -0.0025381100
  -0.0000006200    0.0000089400   -0.0000019600
  -0.0000611900    0.0000339400   -0.0000727800
   0.0000912200    0.0011877400   -0.0025381000
   0.0000465600    0.0000268800   -0.0000428500
  -0.0000012100   -0.0000699800   -0.0000728000
  -0.0000090800   -0.0000052700    0.0000012400
   0.0000074000   -0.0000050400   -0.0000019800
   0.0000039400   -0.0000043400   -0.0008273200
   0.0325317200    0.0187816000   -0.0475885400
  -0.0000584100   -0.0000524900    0.0000250700
   0.0000072500    0.0000042000   -0.0000023600
  -0.0001006400   -0.0001102200    0.0000598100
  -0.0000746900   -0.0000243200    0.0000250900
  -0.0000017700    0.0000055600   -0.0008273400
  -0.0001457800   -0.0000320300    0.0000598300
   0.0000109400    0.0000063300    0.0000043300
  -0.0018837700   -0.0006235700   -0.0000759100
  -0.0000013200   -0.0000252700    0.0003442000
  -0.0000027100   -0.0000007200   -0.0000061700
  -0.0001430400    0.0000261400    0.0003271400
  -0.0006247100    0.0024785100   -0.0004780500
   0.0000033900    0.0000186100   -0.0000161500
  -0.0000088400   -0.0000143400   -0.0000106000
   0.0000032800    0.0000048000   -0.0000114800
  -0.0000022800    0.0000014500   -0.0000119300
  -0.0034438400   -0.0019881600    0.1465634900
   0.0000006000    0.0000586900    0.0003109000
   0.0000521900    0.0000900600    0.0003105100
  -0.0000453900   -0.0000590900    0.0003134900
   0.0000511200   -0.0000288600    0.0003109000
   0.0000017800    0.0000010500   -0.0000005300
  -0.0000738800   -0.0000097500    0.0003135200
  -0.0000012600   -0.0000007000   -0.0000005500
   0.0001041500    0.0000001800    0.0003104700
  -0.0014819000   -0.0013195800   -0.0000759300
   0.0018340400   -0.0017803200   -0.0004780700
   0.0000001300   -0.0000026900   -0.0000119100
  -0.0000168200   -0.0000004900   -0.0000105900
  -0.0000225400    0.0000114800    0.0003441900
   0.0000178300   -0.0000063600   -0.0000161700
  -0.0000489200   -0.0001369300    0.0003271600
   0.0000058000    0.0000004500   -0.0000115000
  -0.0000019900   -0.0000019800   -0.0000062300
  -0.0004026200    0.0011257600    0.0039654600
  -0.0000014900    0.0000036800    0.0000310200
  -0.0000323300   -0.0000186400   -0.0000390500
   0.0007736000   -0.0009116000    0.0039653900
   0.0001199400    0.0000692500   -0.0000410400
   0.0000051100    0.0000137200    0.0000315700
  -0.0000216300   -0.0000125100   -0.0000087100
   0.0000024600   -0.0000031500    0.0000310400
   0.0000144400   -0.0000024500    0.0000315400
   0.0019489100   -0.0006732200   -0.0002701600
  -0.0000002800   -0.0000050500   -0.0000123100
  -0.0000526900   -0.0000304100    0.0003416700
   0.0003914800    0.0020243900   -0.0002701800
   0.0000757600    0.0000437400    0.0003440100
  -0.0000094500    0.0000184200   -0.0000122100
   0.0000006300    0.0000003300   -0.0000116000
  -0.0000045200    0.0000022600   -0.0000123400
   0.0000112400   -0.0000173900   -0.0000121900
   0.0010905600   -0.0003948800    0.0039992400
  -0.0012971600   -0.0001633600    0.0036121700
   0.0000029200    0.0000220800   -0.0000064500
  -0.0000078200   -0.0000051200    0.0000289300
   0.0000055500    0.0000270900   -0.0000192700
   0.0000087100    0.0000031800    0.0000220100
   0.0000010100   -0.0000797400   -0.0000250800
  -0.0000032700   -0.0000034100    0.0000214000
   0.0000042700   -0.0000039400    0.0000291200
  -0.0003087700   -0.0001782000   -0.0183317100
  -0.0000382100    0.0000386300   -0.0000540200
   0.0000243700    0.0000384000   -0.0000538000
  -0.0000086900   -0.0000594300   -0.0000389000
   0.0000143400   -0.0000524100   -0.0000540300
   0.0000012200    0.0000007300    0.0000007700
  -0.0000558300    0.0000222100   -0.0000389300
  -0.0000004500   -0.0000002400    0.0000008000
   0.0000454900    0.0000019100   -0.0000537700
   0.0002033300    0.0011418400    0.0039993800
   0.0000262700   -0.0000087500   -0.0000192800
  -0.0000012900    0.0000056700    0.0000290700
  -0.0000685500    0.0000407600   -0.0000250600
  -0.0007900600   -0.0010416600    0.0036122500
   0.0000070900    0.0000059200    0.0000219900
  -0.0000083600   -0.0000042300    0.0000289600
  -0.0000046100   -0.0000011400    0.0000213700
   0.0000205500   -0.0000085000   -0.0000064600
