108  
9    

1    
  0.0065948334140211   0.0000000000000000   0.0075171917789365
  -0.1612908400    0.0004353600   -0.1996882400
   0.0007308700    0.0001367400    0.0004683400
   0.0007179700   -0.0001166100    0.0004560800
  -0.0001239400   -0.0003808100    0.0003551400
  -0.0000895900    0.0003544800    0.0004643000
   0.0000318400   -0.0000020100   -0.0000514200
  -0.0001232400   -0.0006439600    0.0003617000
   0.0000317100   -0.0000020500   -0.0000513800
  -0.0000895900    0.0006045000    0.0004581700
   0.0003321400    0.0005033900    0.0001381700
   0.0000194000    0.0000276200   -0.0000031100
   0.0034346300   -0.0050820400   -0.0045867000
   0.0030908600    0.0086984900   -0.0045767000
   0.0000314100   -0.0000193300    0.0000064600
   0.0004567700    0.0005678000    0.0001288900
  -0.0000238900   -0.0000519100    0.0000056800
   0.0000299100    0.0000903200   -0.0000452900
  -0.0000271600    0.0000008900   -0.0000021500
   0.0063284700   -0.0068938000   -0.0046116000
   0.0001732800   -0.0000071300   -0.0000450100
   0.0063426900    0.0067382300   -0.0046664100
   0.0012725900   -0.0000993500    0.0001377900
  -0.0000128600    0.0000585000    0.0000059100
  -0.0000203200   -0.0000501800   -0.0000025100
  -0.0000137000   -0.0000061400    0.0000061500
  -0.0000198300    0.0000023100   -0.0000027300
   0.0012725800    0.0000511800    0.0001375400
   0.0030371200    0.0045341900   -0.0055859800
  -0.0000052000   -0.0000220600    0.0000342100
   0.0002643200   -0.0006147200    0.0003387800
   0.0034908400   -0.0087131600   -0.0056186900
   0.0001772200   -0.0005362800    0.0002535400
  -0.0000358100    0.0000444500    0.0000152300
   0.0000292200   -0.0000402000   -0.0000076400
   0.0000044400    0.0000129600    0.0000340200
  -0.0000338300   -0.0000277500    0.0000148500
  -0.0000013500   -0.0001412800    0.0005615400
  -0.0000185200   -0.0000156500    0.0000038100
   0.0002555400    0.0008214400    0.0006218800
   0.0102842900   -0.0253163500    0.0344993000
  -0.0001404600   -0.0000933900    0.0000049000
   0.0000488900    0.0001385500   -0.0000965400
   0.0000034300   -0.0000121200    0.0000215900
  -0.0000279100    0.0000097600   -0.0000345100
  -0.0000115400   -0.0000168300   -0.0000030300
   0.0008314600    0.0006720100    0.0006603200
   0.0000320600    0.0000235300    0.0000325700
   0.0053182200   -0.0031605000    0.0157994000
   0.0006983500    0.0000928800    0.0006241700
  -0.0000399900   -0.0000139800   -0.0000087000
  -0.0001354100    0.0001549600    0.0000677500
  -0.0000127400    0.0000077700   -0.0000024300
   0.0000279000    0.0000225600    0.0000440200
   0.0001472800   -0.0001097000    0.0000036800
   0.0048608500    0.0031819200    0.0162374700
   0.0000234200   -0.0000285900    0.0000160400
   0.0008738900   -0.0005917000    0.0006557200
   0.0005341900   -0.0000377000    0.0006222900
  -0.0000930300   -0.0001171400    0.0000203200
  -0.0000317900    0.0000119100   -0.0000120700
   0.0000106300   -0.0000123400    0.0000529900
  -0.0000122600   -0.0000035500   -0.0000066700
   0.0001323700    0.0000458500   -0.0000118900
  -0.0000630700    0.0000265800    0.0000874700
  -0.0000227500    0.0000053000    0.0000088800
  -0.0029784100   -0.0013529800    0.0018130600
   0.0018208400    0.0026250800    0.0019632700
  -0.0000187800   -0.0000186600    0.0000062000
  -0.0008783000   -0.0013777300    0.0013531800
  -0.0000252800   -0.0000164700    0.0000551400
  -0.0000251700    0.0000029600    0.0000020000
   0.0000029300    0.0000130100    0.0000086100
  -0.0000383200    0.0000071000    0.0000221200
  -0.0000840700   -0.0000294700    0.0000467700
  -0.0025846600    0.0016079700    0.0019094400
  -0.0009890900    0.0010226200    0.0012825100
  -0.0000181400    0.0000169900    0.0000087400
   0.0018608800   -0.0024855600    0.0023689700
  -0.0000301100    0.0000134000    0.0000545000
   0.0000061700   -0.0000145900    0.0000130900
  -0.0000351000   -0.0000091400    0.0000010900
   0.0506362400   -0.0225209200    0.0541226900
   0.0000445000    0.0000010800   -0.0000382100
   0.0000353600   -0.0006173400    0.0006260100
   0.0001291000    0.0003317900    0.0006421000
  -0.0000391800    0.0001021700   -0.0001352700
   0.0000002600   -0.0000086400    0.0000118800
   0.0000043300   -0.0000323600   -0.0000446400
   0.0000152700   -0.0000179800    0.0000124600
  -0.0000131500   -0.0001090500   -0.0000728900
   0.0000456900    0.0004527700    0.0005828000
   0.0000446100   -0.0000089900   -0.0000464400
   0.0494395500    0.0223139100    0.0521665800
   0.0001058000   -0.0004659700    0.0005984900
  -0.0000088600    0.0000040200    0.0000111400
  -0.0000402600   -0.0000743900   -0.0001399700
   0.0000163200    0.0000243900    0.0000097400
   0.0000072700    0.0000491800   -0.0000564900
  -0.0000073100    0.0000897800   -0.0000771000
   0.0001395200   -0.0006878000    0.0007048200
  -0.0000174000    0.0000154500    0.0000020700
  -0.0001930000    0.0000944400    0.0006409100
   0.0109091700    0.0260045100    0.0349283600
   0.0000771100   -0.0001572400   -0.0001191500
  -0.0001556800    0.0000906800    0.0000138900
  -0.0000181000   -0.0000086600   -0.0000139000
   0.0000083300    0.0000128700    0.0000130900
  -0.0000132700    0.0000216000    0.0000026900

1    
 -0.0065948334140211   0.0000000000000000  -0.0075171917789365
   0.1612781800    0.0002751500    0.1996508700
  -0.0007183900   -0.0001365800   -0.0004561300
  -0.0007313200    0.0001161000   -0.0004683800
   0.0001303800    0.0003883300   -0.0003616500
   0.0000828900   -0.0003492200   -0.0004601700
  -0.0000317500    0.0000018700    0.0000513600
   0.0001311400    0.0006435100   -0.0003550500
  -0.0000318300    0.0000018600    0.0000514000
   0.0000829400   -0.0006051400   -0.0004662700
  -0.0003295000   -0.0004977000   -0.0001390400
  -0.0000194600   -0.0000284100    0.0000021700
  -0.0035185300    0.0049189000    0.0046620900
  -0.0030001300   -0.0085894700    0.0047284000
  -0.0000315100    0.0000211600   -0.0000056900
  -0.0004550900   -0.0005775300   -0.0001484700
   0.0000244700    0.0000528700   -0.0000064700
  -0.0000291500   -0.0000900900    0.0000446600
   0.0000258700   -0.0000020500    0.0000030900
  -0.0059556700    0.0068171500    0.0046927800
  -0.0001733500    0.0000074700    0.0000449400
  -0.0067423400   -0.0068005200    0.0045816700
  -0.0012728300    0.0001032000   -0.0001394100
   0.0000146300   -0.0000579100   -0.0000062500
   0.0000187800    0.0000512600    0.0000027500
   0.0000138600    0.0000059700   -0.0000060100
   0.0000193500   -0.0000023900    0.0000025400
  -0.0012729900   -0.0000350500   -0.0001397400
  -0.0029623900   -0.0046797400    0.0055002100
   0.0000046800    0.0000214800   -0.0000329900
  -0.0002630200    0.0006223400   -0.0003399000
  -0.0035773300    0.0088216800    0.0054675200
  -0.0001781000    0.0005272900   -0.0002365100
   0.0000361600   -0.0000431400   -0.0000161200
  -0.0000300300    0.0000403100    0.0000081900
  -0.0000057000   -0.0000127800   -0.0000331500
   0.0000353000    0.0000268900   -0.0000164700
  -0.0000178600    0.0001469300   -0.0005447200
   0.0000188400    0.0000158300   -0.0000036100
  -0.0002675000   -0.0008100300   -0.0006470300
  -0.0102785000    0.0260797600   -0.0351094300
   0.0001364400    0.0000953000   -0.0000062100
  -0.0000520100   -0.0001397000    0.0000977700
  -0.0000026400    0.0000121600   -0.0000225300
   0.0000289600   -0.0000115400    0.0000360000
   0.0000114700    0.0000169200    0.0000033700
  -0.0008132900   -0.0006860000   -0.0006478300
  -0.0000312400   -0.0000221700   -0.0000339700
  -0.0052321200    0.0032157300   -0.0157461400
  -0.0006965900   -0.0000860800   -0.0006476300
   0.0000394700    0.0000137700    0.0000082200
   0.0001354600   -0.0001587800   -0.0000654600
   0.0000124700   -0.0000077500    0.0000022800
  -0.0000270600   -0.0000219900   -0.0000437100
  -0.0001469800    0.0001088100   -0.0000028100
  -0.0049236300   -0.0031327200   -0.0162790100
  -0.0000242300    0.0000299400   -0.0000147900
  -0.0008929300    0.0005773000   -0.0006666000
  -0.0005373000    0.0000447700   -0.0005964300
   0.0000931500    0.0001133300   -0.0000219700
   0.0000322600   -0.0000120700    0.0000126000
  -0.0000115500    0.0000127000   -0.0000530700
   0.0000126300    0.0000036100    0.0000068900
  -0.0001322600   -0.0000469500    0.0000117400
   0.0000636300   -0.0000265200   -0.0000862400
   0.0000202200   -0.0000076100   -0.0000078200
   0.0030141700    0.0013619600   -0.0018055200
  -0.0017835000   -0.0026056600   -0.0019587200
   0.0000184500    0.0000182200   -0.0000065500
   0.0009244100    0.0013899200   -0.0013412300
   0.0000262200    0.0000192100   -0.0000535200
   0.0000247100   -0.0000029400   -0.0000019800
  -0.0000030700   -0.0000129400   -0.0000088700
   0.0000404800   -0.0000092700   -0.0000231700
   0.0000834500    0.0000295300   -0.0000478100
   0.0025548500   -0.0016078900   -0.0019093700
   0.0009475000   -0.0010091600   -0.0012952400
   0.0000184800   -0.0000174300   -0.0000082300
  -0.0019009900    0.0025097300   -0.0023745900
   0.0000292400   -0.0000107800   -0.0000558300
  -0.0000060100    0.0000146400   -0.0000126300
   0.0000355200    0.0000091600   -0.0000010700
  -0.0486686600    0.0214082700   -0.0522033500
  -0.0000445600   -0.0000025000    0.0000378700
  -0.0000131100    0.0006295500   -0.0006182600
  -0.0001152800   -0.0003535800   -0.0006302500
   0.0000406400   -0.0001005300    0.0001333700
  -0.0000004800    0.0000089300   -0.0000119100
  -0.0000048800    0.0000329100    0.0000436900
  -0.0000151400    0.0000178700   -0.0000127900
   0.0000159100    0.0001094100    0.0000717900
  -0.0000678300   -0.0004398300   -0.0005889400
  -0.0000443800    0.0000076400    0.0000469600
  -0.0514004400   -0.0234437900   -0.0540928500
  -0.0001202800    0.0004485300   -0.0006098000
   0.0000090700   -0.0000037400   -0.0000110400
   0.0000382800    0.0000762700    0.0001426000
  -0.0000163600   -0.0000245500   -0.0000093700
  -0.0000065300   -0.0000487600    0.0000580800
   0.0000044400   -0.0000905500    0.0000786900
  -0.0001287800    0.0007007800   -0.0006802300
   0.0000171500   -0.0000153000   -0.0000022200
   0.0002106900   -0.0000878400   -0.0006570900
  -0.0109055800   -0.0252186300   -0.0342769100
  -0.0000743100    0.0001559100    0.0001183100
   0.0001597800   -0.0000888500   -0.0000121000
   0.0000171500    0.0000067400    0.0000124800
  -0.0000093100   -0.0000132100   -0.0000121700
   0.0000133500   -0.0000215100   -0.0000028200

28   
  0.0065948334140211   0.0000000000000000   0.0075171917789365
   0.0029479900   -0.0083945700   -0.0056087600
   0.0002633200   -0.0006225600    0.0003475700
  -0.0000044900    0.0000196300    0.0000332900
   0.0000290200   -0.0000400700   -0.0000076900
  -0.0000347800    0.0000438400    0.0000161600
   0.0000058900   -0.0000276800    0.0000331400
   0.0035825200    0.0042123700   -0.0055750300
  -0.0000358800   -0.0000265900    0.0000161400
   0.0001776800   -0.0005287800    0.0002439600
   0.0070757900   -0.0068728400   -0.0055088500
   0.0000991800    0.0000000000   -0.0000080100
   0.0066617400    0.0068134900   -0.0055761200
   0.0010985900    0.0000023100    0.0002450300
   0.0000085400    0.0000144500    0.0000335900
   0.0000068300   -0.0000144600    0.0000338900
  -0.0000494600    0.0000358700    0.0000157900
  -0.0000498600   -0.0000361200    0.0000158100
   0.0013349000    0.0000067500    0.0003394700
   0.0030483800    0.0085209400   -0.0054769600
  -0.0000052700   -0.0000178000    0.0000342100
   0.0002640300    0.0006143400    0.0003314300
  -0.0000343200   -0.0000422400    0.0000154500
   0.0000299200    0.0000403600   -0.0000082400
   0.0000043200    0.0000272700    0.0000343600
   0.0001774000    0.0005347800    0.0002461400
  -0.0000361500    0.0000262700    0.0000154600
   0.0034886800   -0.0043831100   -0.0055105800
  -0.1670789600    0.0004140100   -0.2000008700
   0.0006528800    0.0002546400    0.0006005800
   0.0006399900   -0.0002562500    0.0005884000
  -0.0000104100   -0.0001234500    0.0005918200
  -0.0000180400    0.0001287400    0.0005970500
   0.0000126000   -0.0000001300   -0.0000521300
  -0.0000104800   -0.0006367000    0.0005978700
   0.0000125900   -0.0000000900   -0.0000521200
  -0.0000180200    0.0006370400    0.0005909000
   0.0055628100    0.0027316500    0.0143048300
   0.0000518400   -0.0000391800    0.0000098700
   0.0009442200   -0.0005779200    0.0006122000
   0.0005485700   -0.0002629700    0.0006037400
  -0.0001201500   -0.0001310600    0.0000158200
  -0.0000198700    0.0000086700   -0.0000136800
   0.0000257800   -0.0000239200    0.0000284100
  -0.0000138600    0.0000014500   -0.0000048100
   0.0001372100    0.0001369700   -0.0000068300
   0.0019883200    0.0028177100    0.0022109900
  -0.0000099600   -0.0000231000   -0.0000001100
  -0.0011127300   -0.0010102900    0.0011871100
  -0.0000216700   -0.0000226300    0.0000391700
  -0.0000307600    0.0000119700   -0.0000068000
   0.0000091300    0.0000109900    0.0000067700
  -0.0000618700    0.0000231100    0.0000792600
  -0.0000217700   -0.0000001400   -0.0000010000
  -0.0028773400   -0.0017882700    0.0016958200
   0.0103009400   -0.0266581200    0.0347945300
  -0.0001471900   -0.0000691000   -0.0000422900
   0.0001746300    0.0001084800   -0.0000873100
   0.0000070200   -0.0000376600   -0.0000007600
  -0.0000386300    0.0000222400   -0.0000380500
  -0.0000050000   -0.0000168300   -0.0000050300
  -0.0002531600   -0.0000589000    0.0006216700
  -0.0000113900   -0.0000187300    0.0000011300
   0.0002907800    0.0009488300    0.0006539000
   0.0009634500    0.0005653000    0.0006230100
   0.0000524700    0.0000401700    0.0000091700
   0.0056879300   -0.0026440300    0.0143183600
   0.0005507100    0.0002686600    0.0005817500
  -0.0000202800   -0.0000087500   -0.0000139800
  -0.0001202600    0.0001277800    0.0000169200
  -0.0000140800   -0.0000013800   -0.0000048700
   0.0000263500    0.0000243300    0.0000288100
   0.0001369600   -0.0001378200   -0.0000063500
  -0.0000921300    0.0006049300    0.0006572700
   0.0000874200    0.0000068300   -0.0000482200
   0.0514506600    0.0237547600    0.0548896800
   0.0000479800   -0.0006528900    0.0006810900
   0.0000092200    0.0000082900    0.0000035900
   0.0000062700   -0.0001681000   -0.0001444100
   0.0000185600    0.0000173200    0.0000071500
   0.0000160100    0.0000710900   -0.0000669800
  -0.0000587000    0.0001218900   -0.0001220500
   0.0102572300    0.0274755200    0.0354377800
   0.0001779700   -0.0001091600   -0.0000878400
  -0.0001441600    0.0000709400   -0.0000409800
  -0.0000393400   -0.0000240100   -0.0000391300
   0.0000063700    0.0000375900   -0.0000000700
  -0.0000049900    0.0000168400   -0.0000052000
   0.0003026600   -0.0009403900    0.0006754200
  -0.0000116200    0.0000188300    0.0000010900
  -0.0002347900    0.0000632900    0.0006083100
  -0.0011544600    0.0010210900    0.0011744200
  -0.0000096900    0.0000225900    0.0000001900
   0.0019516600   -0.0027973500    0.0022063900
  -0.0000226200    0.0000249600    0.0000381200
   0.0000090600   -0.0000108800    0.0000071100
  -0.0000301700   -0.0000118600   -0.0000069300
  -0.0000195700   -0.0000018700   -0.0000021500
  -0.0000619500   -0.0000228100    0.0000784600
  -0.0029082400    0.0017950900    0.0016935700
   0.0535826900   -0.0250208600    0.0569781600
   0.0000876600   -0.0000079100   -0.0000488000
  -0.0000712500   -0.0005912400    0.0006665700
   0.0000616400    0.0006351500    0.0006925500
   0.0000081000    0.0001695500   -0.0001467600
   0.0000089400   -0.0000079500    0.0000036300
   0.0000155300   -0.0000707700   -0.0000682400
   0.0000185800   -0.0000174200    0.0000069400
  -0.0000563400   -0.0001223000   -0.0001232000

37   
  0.0100000000000000   0.0000000000000000   0.0000000000000000
   0.0001031800    0.0004519700   -0.0000830000
   0.0000489700   -0.0005469200    0.0003088700
  -0.0000272800    0.0000006700   -0.0000011400
  -0.0000109800   -0.0000213900    0.0000138600
  -0.0000189200   -0.0000003600    0.0000010100
  -0.0000150900    0.0000173300   -0.0000247100
   0.0160685900    0.0004221600   -0.0004467200
  -0.0000822100    0.0000500100    0.0001392600
  -0.0000473000   -0.0000419700   -0.0001414100
   0.0415679600    0.0146336000    0.0298672200
   0.0000437200    0.0000172400    0.0000093800
   0.0006355000   -0.0003148800   -0.0003591300
   0.0001008800   -0.0001040500   -0.0001069700
   0.0000215400    0.0000386800   -0.0000115300
   0.0000014800    0.0000162900    0.0000172800
  -0.0001055900    0.0001603300    0.0000413700
  -0.0000269200   -0.0000011200    0.0000226300
   0.0005585400    0.0009839500   -0.0002591300
  -0.0042237600    0.0000981000   -0.0002906500
  -0.0000786100   -0.0000167500   -0.0000169500
  -0.0000796700    0.0000171100    0.0000405500
  -0.0000141600    0.0000087600   -0.0000208400
  -0.0000245900   -0.0000029000    0.0000252000
  -0.0000422600   -0.0000063200    0.0000026800
   0.0006530200   -0.0027748500    0.0018456700
  -0.0000279400    0.0000009400   -0.0000004000
   0.0007221100    0.0026556200   -0.0018475700
   0.0435756200   -0.0161622700   -0.0305926400
   0.0006800200    0.0004091800    0.0006900800
   0.0001044500   -0.0000282300   -0.0000231800
   0.0000309900   -0.0000781900    0.0000066000
   0.0000589100    0.0001145100    0.0001296000
   0.0000035200   -0.0000121100   -0.0000218100
   0.0004642100   -0.0010077900    0.0003340800
  -0.0000083600    0.0000001400   -0.0000193600
  -0.0000852200   -0.0000723600   -0.0000840600
  -0.1139611100    0.0014259100    0.0021381300
  -0.0000305100   -0.0000381900   -0.0000052400
  -0.0000292700    0.0000155300   -0.0000424500
   0.0000281600   -0.0000030500   -0.0000811200
   0.0000197500   -0.0000279300    0.0000535400
   0.0000057000   -0.0000001100    0.0000012500
   0.0000281900    0.0000499400   -0.0000371500
   0.0000057000   -0.0000003300   -0.0000016000
   0.0000193400   -0.0000703000    0.0000299600
  -0.0010788300    0.0029488100    0.0020719800
  -0.0000014300   -0.0000179200    0.0000025900
   0.0000843800   -0.0000430700   -0.0000258300
  -0.0000034200   -0.0000188300    0.0000101900
  -0.0000037300    0.0000010500    0.0000034600
  -0.0000052200    0.0000224800   -0.0000027100
   0.0000771100   -0.0000335500    0.0000954800
  -0.0000019400    0.0000197500   -0.0000069300
  -0.0011775000    0.0000997100    0.0004261300
   0.0014468200   -0.0034989100   -0.0004385800
  -0.0002107300   -0.0001234100   -0.0000469200
   0.0000254400   -0.0000100300    0.0000004300
   0.0000168800   -0.0000115900   -0.0000183600
   0.0000070400    0.0000008100    0.0000047800
   0.0000062100    0.0000010100    0.0000051000
   0.0007782600   -0.0035912300    0.0009157600
   0.0000295000   -0.0000125600    0.0000015900
  -0.0002357400   -0.0001050200    0.0000675300
   0.0016157200   -0.0013313800    0.0015757000
  -0.0000054300   -0.0000007100   -0.0000002300
   0.0018153900    0.0017514500   -0.0018921500
   0.0000139800   -0.0000041800    0.0000547800
  -0.0000025300    0.0000155000    0.0000020700
  -0.0000010500   -0.0000133800   -0.0000052700
  -0.0000025900    0.0000148800    0.0000152500
  -0.0000010300   -0.0000244000   -0.0000165300
   0.0000141200   -0.0000213800    0.0000192000
   0.0064016600    0.0003898500    0.0010884500
   0.0000309600    0.0000028400    0.0000027400
   0.0077825000   -0.0002016300   -0.0012517000
  -0.0000299400    0.0000202100   -0.0000016100
   0.0000253400    0.0000147900    0.0000051500
   0.0000265400   -0.0000119800   -0.0000045800
   0.0000252500   -0.0000121000   -0.0000082100
   0.0000265900    0.0000093200    0.0000104000
  -0.0000297600   -0.0000122400    0.0000008100
  -0.0013459300   -0.0035398800   -0.0024678700
   0.0000920700    0.0000492000   -0.0000057000
  -0.0000064800    0.0000209800   -0.0000035900
  -0.0000011100    0.0000030900   -0.0000015400
   0.0000029200    0.0000156100   -0.0000176400
  -0.0000035800   -0.0000152900   -0.0000014300
  -0.0010662000   -0.0002052800   -0.0003715600
  -0.0000032600   -0.0000159500    0.0000027800
   0.0000768200    0.0000575700   -0.0000869100
   0.0007578900    0.0029760500    0.0002757000
   0.0000327300    0.0000100400   -0.0000007900
  -0.0002565600    0.0001123600    0.0000258000
   0.0000098800   -0.0000047900   -0.0000089700
   0.0000193800    0.0000101700    0.0000197800
   0.0000049500   -0.0000012400   -0.0000040600
  -0.0002166100    0.0000833000   -0.0000988900
   0.0000320700    0.0000098100   -0.0000015400
   0.0007701600    0.0037487700   -0.0007492300
  -0.0027353500    0.0001659200   -0.0003498200
   0.0000542000   -0.0001476700   -0.0000303800
   0.0000547700    0.0001779800    0.0000177300
  -0.0000995200   -0.0002357900    0.0000528500
  -0.0000802600    0.0002570300   -0.0000632200
   0.0000088800   -0.0000010800   -0.0000001500
  -0.0001011200    0.0000894500    0.0000293900
   0.0000088900   -0.0000012100    0.0000011300
  -0.0000787700   -0.0000877400   -0.0000213000

37   
 -0.0100000000000000   0.0000000000000000   0.0000000000000000
  -0.0001131100   -0.0004566100    0.0000842100
  -0.0000417100    0.0005422700   -0.0003074300
   0.0000270500   -0.0000007900    0.0000007200
   0.0000111200    0.0000202900   -0.0000136300
   0.0000187100    0.0000005600   -0.0000013900
   0.0000146600   -0.0000182900    0.0000248600
  -0.0160670400   -0.0002627800    0.0003859500
   0.0000802400   -0.0000520600   -0.0001376400
   0.0000475600    0.0000403200    0.0001434200
  -0.0406472100   -0.0141511900   -0.0288380500
  -0.0000420800   -0.0000151400   -0.0000094100
  -0.0006767600    0.0003239000    0.0003584100
  -0.0000982000    0.0001064700    0.0001071300
  -0.0000199400   -0.0000385700    0.0000105800
  -0.0000016900   -0.0000165600   -0.0000176900
   0.0001048100   -0.0001592700   -0.0000402100
   0.0000266600    0.0000008500   -0.0000228100
  -0.0005699400   -0.0009905100    0.0002676600
   0.0042165200   -0.0000568600    0.0002767500
   0.0000771300    0.0000161900    0.0000148900
   0.0000798600   -0.0000174100   -0.0000422700
   0.0000142800   -0.0000085600    0.0000203900
   0.0000242500    0.0000031600   -0.0000257200
   0.0000418700    0.0000051500   -0.0000025400
  -0.0006115500    0.0027318500   -0.0018395700
   0.0000278100   -0.0000006900   -0.0000000100
  -0.0007637500   -0.0026951100    0.0018530900
  -0.0445750300    0.0167335800    0.0317792400
  -0.0006430300   -0.0003985700   -0.0006874200
  -0.0001073400    0.0000303000    0.0000238400
  -0.0000326100    0.0000788300   -0.0000071700
  -0.0000620700   -0.0001138200   -0.0001292700
  -0.0000037300    0.0000121500    0.0000214300
  -0.0004524000    0.0009999600   -0.0003241900
   0.0000080700   -0.0000005800    0.0000192900
   0.0000857700    0.0000731900    0.0000853600
   0.1140992000   -0.0028010100   -0.0043844300
   0.0000295700    0.0000376300    0.0000096200
   0.0000308300   -0.0000157700    0.0000472000
  -0.0000288300    0.0000052700    0.0000837500
  -0.0000190000    0.0000304500   -0.0000510100
  -0.0000059000    0.0000002400   -0.0000011400
  -0.0000287600   -0.0000488500    0.0000369900
  -0.0000059300    0.0000000400    0.0000014200
  -0.0000194200    0.0000712800   -0.0000303400
   0.0010481800   -0.0028777600   -0.0020426300
   0.0000010200    0.0000172000   -0.0000025400
  -0.0000808400    0.0000433300    0.0000299200
   0.0000032800    0.0000183600   -0.0000105400
   0.0000033600   -0.0000011400   -0.0000034000
   0.0000048800   -0.0000218500    0.0000027400
  -0.0000759700    0.0000317700   -0.0000889600
   0.0000020800   -0.0000201200    0.0000066500
   0.0011907500   -0.0000998900   -0.0004419300
  -0.0014426000    0.0035297400    0.0004386900
   0.0002058200    0.0001217400    0.0000484000
  -0.0000259500    0.0000100300   -0.0000002500
  -0.0000168300    0.0000116900    0.0000185200
  -0.0000071400   -0.0000006100   -0.0000049400
  -0.0000065000   -0.0000010200   -0.0000051800
  -0.0007913100    0.0035734300   -0.0009211700
  -0.0000293800    0.0000120200   -0.0000017100
   0.0002376700    0.0001072200   -0.0000684900
  -0.0016153800    0.0013471900   -0.0015655700
   0.0000053400    0.0000007800    0.0000002500
  -0.0018159200   -0.0017372900    0.0019043300
  -0.0000143200    0.0000018400   -0.0000498800
   0.0000022200   -0.0000152200   -0.0000021700
   0.0000009400    0.0000136700    0.0000050600
   0.0000021800   -0.0000146400   -0.0000153600
   0.0000009600    0.0000247700    0.0000164400
  -0.0000142300    0.0000219900   -0.0000182400
  -0.0062329500   -0.0003882300   -0.0010577300
  -0.0000310700   -0.0000036400   -0.0000026100
  -0.0079783100    0.0002003300    0.0012780100
   0.0000296900   -0.0000187400    0.0000034800
  -0.0000253500   -0.0000144200   -0.0000048300
  -0.0000269100    0.0000122200    0.0000048300
  -0.0000254300    0.0000120000    0.0000085800
  -0.0000268700   -0.0000094200   -0.0000100700
   0.0000298500    0.0000145200   -0.0000023600
   0.0013768300    0.0036181900    0.0025014600
  -0.0000962000   -0.0000490400    0.0000106300
   0.0000065100   -0.0000217000    0.0000035700
   0.0000010100   -0.0000032900    0.0000015600
  -0.0000032200   -0.0000160200    0.0000173800
   0.0000035000    0.0000157100    0.0000015000
   0.0010502600    0.0002035900    0.0003544300
   0.0000027900    0.0000156100   -0.0000030300
  -0.0000791200   -0.0000593900    0.0000929300
  -0.0007628500   -0.0029437900   -0.0002687100
  -0.0000323300   -0.0000100900    0.0000010400
   0.0002627100   -0.0001139000   -0.0000242600
  -0.0000101700    0.0000048700    0.0000089400
  -0.0000198400   -0.0000100000   -0.0000195700
  -0.0000050400    0.0000012700    0.0000039200
   0.0002140200   -0.0000810500    0.0000975800
  -0.0000326500   -0.0000103300    0.0000014200
  -0.0007542000   -0.0037673200    0.0007419600
   0.0027331000   -0.0001675300    0.0002781300
  -0.0000550400    0.0001460700    0.0000298100
  -0.0000544700   -0.0001799900   -0.0000182400
   0.0001008900    0.0002367500   -0.0000530200
   0.0000784700   -0.0002554400    0.0000626200
  -0.0000090800    0.0000011300    0.0000002100
   0.0000993300   -0.0000897400   -0.0000301700
  -0.0000090700    0.0000010400   -0.0000010600
   0.0000799700    0.0000875800    0.0000207400

37   
  0.0000000000000000   0.0000000000000000   0.0100000000000000
  -0.0001154200    0.0000582100    0.0008329000
  -0.0000029800    0.0000592000    0.0008593200
   0.0000012400   -0.0000180900    0.0000044400
   0.0000265300    0.0000703100    0.0000074900
  -0.0000045000   -0.0000185400    0.0000001200
  -0.0000360300    0.0000683800   -0.0000134500
   0.0001474800   -0.0329527800    0.0465866400
  -0.0000836300    0.0001033200   -0.0000555900
   0.0000945700    0.0000839500   -0.0000749100
   0.0286116200    0.0163486600    0.0465864700
  -0.0000475900   -0.0000580900    0.0000074900
  -0.0001080800    0.0000708800    0.0008329000
  -0.0000254100   -0.0001238000   -0.0000749200
  -0.0000772100   -0.0000029200   -0.0000134600
   0.0000163200    0.0000080300    0.0000044400
  -0.0001312700    0.0000207900   -0.0000556000
   0.0000138400    0.0000132000    0.0000001200
  -0.0000527600   -0.0000269900    0.0008593300
  -0.0000740900    0.0008332500    0.0024772900
   0.0000489100    0.0000291800    0.0000752800
  -0.0000298300    0.0000172600    0.0000393300
  -0.0000083900   -0.0000028600    0.0000106300
   0.0000059100   -0.0000033800    0.0000072800
  -0.0000007800   -0.0000568900    0.0000752800
   0.0004942200   -0.0002853000    0.0021653900
  -0.0000016900    0.0000087400    0.0000106400
  -0.0007586500   -0.0003524100    0.0024772900
  -0.0321196000    0.0185442900    0.0471686000
  -0.0000140300    0.0000614700    0.0008536700
   0.0000448300   -0.0000586900   -0.0000247400
   0.0000733100   -0.0000094400   -0.0000247200
   0.0000900700   -0.0000918900   -0.0000863500
  -0.0000092600    0.0000054100    0.0000018900
  -0.0000602100   -0.0000185600    0.0008536800
  -0.0000130800    0.0000075300   -0.0000065500
   0.0001245600   -0.0000319800   -0.0000863700
   0.0033300100   -0.0019259900   -0.1460903800
  -0.0000465200    0.0000691400   -0.0003086000
  -0.0000057000    0.0000380800   -0.0003090400
  -0.0000358100   -0.0000140200   -0.0003090500
   0.0000288800   -0.0000441900   -0.0003091800
  -0.0000015000    0.0000009000    0.0000032100
  -0.0000830900    0.0000057700   -0.0003086200
   0.0000012600   -0.0000006900    0.0000031400
   0.0000527300   -0.0000028600   -0.0003091700
  -0.0003571900    0.0020780200    0.0003091200
   0.0000037800    0.0000191300    0.0000088300
  -0.0000652700    0.0000377300   -0.0003260600
   0.0000024600    0.0000032400    0.0000135900
   0.0000011400   -0.0000006200    0.0000106200
  -0.0000146600   -0.0000127900    0.0000088300
   0.0000291000   -0.0000167500   -0.0003119900
  -0.0000015400   -0.0000037100    0.0000136000
  -0.0019781800   -0.0007296200    0.0003091200
   0.0008280600   -0.0009970100   -0.0036006800
   0.0000690300    0.0000361600    0.0000177800
  -0.0000052000    0.0000087600   -0.0000182400
  -0.0000210600   -0.0000091800    0.0000047200
   0.0000049600   -0.0000027500   -0.0000177100
   0.0000102200   -0.0000037700   -0.0000260800
  -0.0001582400    0.0011535400   -0.0040098400
  -0.0000000800    0.0000059000   -0.0000256300
  -0.0000489500   -0.0000264500    0.0000156000
   0.0015647700   -0.0013202000    0.0001316900
  -0.0000002400   -0.0000018100    0.0000119400
  -0.0018918000   -0.0017654600    0.0005220400
   0.0000187700   -0.0000176800   -0.0003134600
   0.0000155500   -0.0000054000    0.0000080100
  -0.0000166400   -0.0000106000    0.0000136600
   0.0000021600   -0.0000028400    0.0000082400
  -0.0000051600   -0.0000010900    0.0000138900
   0.0000525300   -0.0001344600   -0.0003153900
  -0.0010781000   -0.0004396500   -0.0040098400
  -0.0000025800    0.0000227900    0.0000046600
   0.0012774800   -0.0002185300   -0.0036007100
  -0.0000015600    0.0000556500    0.0000155700
   0.0000084000   -0.0000069100   -0.0000260900
  -0.0000101400    0.0000001800   -0.0000182300
  -0.0000051100   -0.0000028300   -0.0000256200
   0.0000049100   -0.0000028600   -0.0000177200
   0.0000032300   -0.0000778200    0.0000177600
   0.0005830700    0.0025211200    0.0005220800
   0.0001427200    0.0000217900   -0.0003154000
   0.0000008900    0.0000198000    0.0000136900
   0.0000014700    0.0000011300    0.0000118900
  -0.0000016100    0.0000050900    0.0000138900
   0.0000124800   -0.0000107200    0.0000079900
   0.0019257300   -0.0006949900    0.0001316700
   0.0000035700   -0.0000004100    0.0000082300
   0.0000247100   -0.0000073900   -0.0003134900
  -0.0008082600   -0.0008692200   -0.0039790600
  -0.0000068100    0.0000157000   -0.0000277600
  -0.0001148300    0.0000663400    0.0000273200
  -0.0000019100   -0.0000049700   -0.0000275400
   0.0000220200   -0.0000126700    0.0000070000
  -0.0000169700   -0.0000019000   -0.0000277700
   0.0000573400   -0.0000330700    0.0000251200
   0.0000033800    0.0000041700   -0.0000275600
   0.0003486700    0.0011346400   -0.0039790700
   0.0003178000   -0.0001833900    0.0185762800
  -0.0000184800    0.0000505800    0.0000420900
   0.0000304600    0.0000516100    0.0000423600
  -0.0000294700   -0.0000521300    0.0000423400
   0.0000206700   -0.0000610000    0.0000241000
  -0.0000010800    0.0000006600   -0.0000021100
  -0.0000530200   -0.0000092600    0.0000420900
   0.0000002100   -0.0000000900   -0.0000020300
   0.0000631700    0.0000126500    0.0000240900

37   
  0.0000000000000000   0.0000000000000000  -0.0100000000000000
   0.0000961700   -0.0000172600   -0.0008246300
   0.0000184500   -0.0000222600   -0.0008487200
  -0.0000013200    0.0000172200   -0.0000039100
  -0.0000271500   -0.0000692000   -0.0000050200
   0.0000043800    0.0000184600    0.0000001700
   0.0000363600   -0.0000672200    0.0000159500
  -0.0001586300    0.0318303900   -0.0457525400
   0.0000832700   -0.0000992400    0.0000555200
  -0.0000941200   -0.0000796000    0.0000748100
  -0.0276451600   -0.0157777800   -0.0457524300
   0.0000463500    0.0000580900   -0.0000050100
   0.0000630600   -0.0000746600   -0.0008246300
   0.0000218400    0.0001213000    0.0000748100
   0.0000763800    0.0000021200    0.0000159400
  -0.0000155500   -0.0000074600   -0.0000039100
   0.0001275800   -0.0000224800    0.0000555200
  -0.0000137900   -0.0000130000    0.0000001800
   0.0000285000   -0.0000048300   -0.0008487100
   0.0000778600   -0.0008722900   -0.0024705600
  -0.0000484000   -0.0000286500   -0.0000710900
   0.0000294200   -0.0000169500   -0.0000353900
   0.0000081400    0.0000027900   -0.0000098900
  -0.0000055000    0.0000031700   -0.0000065400
   0.0000006600    0.0000562600   -0.0000710900
  -0.0005242200    0.0003026700   -0.0021588100
   0.0000016500   -0.0000084800   -0.0000098800
   0.0007943300    0.0003687200   -0.0024705500
   0.0309872300   -0.0178904900   -0.0462637700
   0.0000528500   -0.0000645200   -0.0008489300
  -0.0000431700    0.0000589400    0.0000267700
  -0.0000726300    0.0000079400    0.0000267600
  -0.0000858900    0.0000900900    0.0000849600
   0.0000086900   -0.0000049900   -0.0000013700
   0.0000823500   -0.0000136100   -0.0008489200
   0.0000131600   -0.0000075400    0.0000067900
  -0.0001210800    0.0000294100    0.0000849400
  -0.0031891700    0.0018408900    0.1432857100
   0.0000429700   -0.0000695200    0.0003035100
   0.0000090000   -0.0000390600    0.0003030800
   0.0000382900    0.0000117400    0.0003030800
  -0.0000314600    0.0000417300    0.0003032000
   0.0000014800   -0.0000008400   -0.0000035100
   0.0000816600   -0.0000024700    0.0003035100
  -0.0000011900    0.0000007100   -0.0000035600
  -0.0000518500    0.0000064000    0.0003032000
   0.0003653800   -0.0020951500   -0.0003037600
  -0.0000034000   -0.0000188100   -0.0000090000
   0.0000662400   -0.0000382300    0.0003220700
  -0.0000023700   -0.0000031900   -0.0000133800
  -0.0000012300    0.0000007100   -0.0000106700
   0.0000145800    0.0000123500   -0.0000090200
  -0.0000245800    0.0000141900    0.0003126300
   0.0000015800    0.0000036400   -0.0000134100
   0.0019971300    0.0007311400   -0.0003037500
  -0.0008238800    0.0009692600    0.0035705400
  -0.0000720700   -0.0000394400   -0.0000183500
   0.0000055000   -0.0000086900    0.0000172900
   0.0000209800    0.0000090400   -0.0000055500
  -0.0000051600    0.0000022600    0.0000177900
  -0.0000099500    0.0000039400    0.0000251000
   0.0001504900   -0.0011455700    0.0039706300
  -0.0000003900   -0.0000058500    0.0000255500
   0.0000494600    0.0000267000   -0.0000204800
  -0.0015761900    0.0013317300   -0.0001259400
   0.0000002500    0.0000015400   -0.0000118700
   0.0019043900    0.0017801400   -0.0005154500
  -0.0000186800    0.0000228500    0.0003135500
  -0.0000151000    0.0000056100   -0.0000083000
   0.0000163200    0.0000107900   -0.0000138900
  -0.0000021000    0.0000029500   -0.0000081000
   0.0000051600    0.0000012100   -0.0000136500
  -0.0000521500    0.0001335700    0.0003116400
   0.0010673200    0.0004424300    0.0039706600
   0.0000026400   -0.0000226400   -0.0000055500
  -0.0012513500    0.0002288500    0.0035705600
   0.0000016000   -0.0000561900   -0.0000204900
  -0.0000083900    0.0000066700    0.0000250800
   0.0000102900   -0.0000004000    0.0000173200
   0.0000048600    0.0000032600    0.0000255300
  -0.0000045400    0.0000033600    0.0000177900
  -0.0000018700    0.0000821500   -0.0000183700
  -0.0005894500   -0.0025393200   -0.0005154700
  -0.0001417600   -0.0000216200    0.0003116100
  -0.0000011600   -0.0000195100   -0.0000138700
  -0.0000012200   -0.0000010000   -0.0000118800
   0.0000015500   -0.0000050600   -0.0000136400
  -0.0000124000    0.0000102700   -0.0000083200
  -0.0019413900    0.0006991500   -0.0001259300
  -0.0000036000    0.0000003300   -0.0000081000
  -0.0000291400    0.0000047500    0.0003135300
   0.0008051200    0.0008541700    0.0039394400
   0.0000064800   -0.0000154300    0.0000266500
   0.0001188400   -0.0000685900   -0.0000279100
   0.0000021900    0.0000045900    0.0000274000
  -0.0000218100    0.0000125900   -0.0000079600
   0.0000166000    0.0000021100    0.0000266600
  -0.0000584500    0.0000337400   -0.0000303800
  -0.0000028800   -0.0000042200    0.0000274400
  -0.0003371600   -0.0011243500    0.0039394200
  -0.0003102800    0.0001791500   -0.0181967900
   0.0000174200   -0.0000508900   -0.0000403100
  -0.0000297700   -0.0000519100   -0.0000400600
   0.0000300600    0.0000517400   -0.0000400600
  -0.0000214200    0.0000600100   -0.0000224600
   0.0000010800   -0.0000006000    0.0000019600
   0.0000527800    0.0000103500   -0.0000402900
  -0.0000001700    0.0000001200    0.0000019700
  -0.0000626700   -0.0000114300   -0.0000224500

46   
  0.0065948334140211   0.0000000000000000   0.0075171917789365
   0.0004542800   -0.0002056900    0.0009551200
   0.0064782900   -0.0024864200    0.0147482100
   0.0000841400    0.0000644400   -0.0000129700
  -0.0000051200    0.0000118900   -0.0000090300
   0.0001165700    0.0000590500    0.0000301200
   0.0000748700    0.0000388200    0.0000019400
   0.0004112600    0.0006025800    0.0008741600
   0.0000318500    0.0000664400   -0.0000799500
  -0.0000346200   -0.0000111500   -0.0000120600
   0.0107673700    0.0242952200    0.0342235900
   0.0000376700   -0.0000251800   -0.0001471600
  -0.0001061400   -0.0001626600    0.0000723700
   0.0001101200    0.0003400300    0.0006963900
   0.0000800600   -0.0003869600    0.0005385400
  -0.0000259300    0.0000076400    0.0000037000
  -0.0000222400   -0.0000798200   -0.0000218900
  -0.0000153600    0.0000129700    0.0000015000
   0.0000023900   -0.0000389900    0.0000074200
   0.0480953700   -0.0215622900    0.0532147700
   0.0004159200    0.0002026100    0.0002795300
  -0.0000071500    0.0000171200   -0.0000015100
  -0.0000406500   -0.0000010100   -0.0000159000
   0.0000250400    0.0001602100   -0.0001040900
   0.0000081300   -0.0000197900    0.0000164300
   0.0003949700   -0.0005541200    0.0003563300
  -0.0000122300   -0.0000018500    0.0000149700
  -0.0002019200   -0.0000973300    0.0000053800
   0.0010145900    0.0022414200    0.0030375500
  -0.0001590800   -0.0015734400    0.0003475500
  -0.0000094000   -0.0000089700    0.0000000800
   0.0000050300   -0.0000155400    0.0000200000
  -0.0028760200   -0.0006775100    0.0016974300
  -0.0000864000   -0.0000370100    0.0000561700
  -0.0000220700    0.0000522800    0.0000375700
  -0.0000025500    0.0000039800    0.0000174800
  -0.0000180500    0.0000050100   -0.0000172700
   0.0008654200    0.0006281700   -0.0000023300
   0.0000340900   -0.0000168700   -0.0002898200
   0.0000009300    0.0000192800    0.0000088700
   0.0001203600   -0.0000623600   -0.0002162900
  -0.0004542900    0.0002690800   -0.0010750200
  -0.0000068600   -0.0000236900    0.0000091600
   0.0000054200    0.0000231100    0.0000117700
  -0.0000053900   -0.0000164300   -0.0000030300
   0.0000001400   -0.0000009100    0.0000087500
  -0.0723500000   -0.0002804000   -0.1049634700
  -0.0000105200   -0.0000869500   -0.0002480400
  -0.0000530000   -0.0000411400   -0.0002078500
   0.0000562500    0.0000532200   -0.0001685200
  -0.0000325900    0.0000491100   -0.0002862700
   0.0000069600    0.0000000400    0.0000004200
   0.0000777600    0.0000616700   -0.0001878300
   0.0000068900   -0.0000001000    0.0000005100
  -0.0000543700   -0.0000346400   -0.0002654200
   0.0021945900    0.0020356400    0.0012899600
  -0.0002525000    0.0001416200   -0.0008363300
  -0.0000013500    0.0000029400    0.0000079500
   0.0000117000   -0.0000110700    0.0000128000
   0.0000051300   -0.0000230600   -0.0002449800
  -0.0000139100    0.0000143100    0.0000075400
   0.0000118100    0.0000797300   -0.0002339900
  -0.0000036600    0.0000123900   -0.0000053300
   0.0000043400   -0.0000124700    0.0000185400
   0.0007075800   -0.0032380700   -0.0035011200
   0.0000204400   -0.0000127800   -0.0000245800
  -0.0001507500   -0.0000627800   -0.0000533600
  -0.0000505000   -0.0013856200   -0.0027290300
  -0.0002187100   -0.0000977500    0.0000588600
   0.0000199400   -0.0000123700   -0.0000183200
   0.0000275600    0.0000020800    0.0000201300
   0.0000002000    0.0000045500   -0.0000314900
  -0.0000001000    0.0000044600   -0.0000215900
  -0.0022430500    0.0004046500    0.0004673600
  -0.0000030500   -0.0000125200    0.0000043400
   0.0000722700    0.0000386200   -0.0002005400
  -0.0010974800   -0.0034412300    0.0015209700
  -0.0000192100   -0.0000176100   -0.0002532500
   0.0000033800   -0.0000003200    0.0000111600
  -0.0000048200   -0.0000020600    0.0000071900
  -0.0000013200    0.0000094700    0.0000163100
  -0.0000099900   -0.0000023700    0.0000085100
   0.0035376000   -0.0000536400   -0.0021962500
   0.0051367200    0.0004677600   -0.0037456700
   0.0000239200   -0.0000173300    0.0000059500
   0.0000224100   -0.0000045600   -0.0000170000
  -0.0000414700   -0.0000219200    0.0000216500
   0.0000112200    0.0000134600   -0.0000237700
  -0.0000485000    0.0000868000    0.0000217300
   0.0000195700   -0.0000067300   -0.0000135800
   0.0000150700    0.0000110800   -0.0000273300
  -0.0018879600   -0.0000010500    0.0131344200
   0.0000749700   -0.0001450800    0.0000592700
   0.0000216200    0.0000842800    0.0000100700
  -0.0000525100   -0.0001425800    0.0000000500
  -0.0000785200    0.0002193500    0.0000690700
   0.0000084000    0.0000000200   -0.0000007200
  -0.0000270000    0.0000410100    0.0000247200
   0.0000083100   -0.0000000700   -0.0000007300
  -0.0001050100   -0.0000575100    0.0000445400
   0.0003103200    0.0017047900   -0.0024255600
  -0.0001901800    0.0000861700    0.0000981800
   0.0000219100    0.0000063800   -0.0000160500
  -0.0000665500    0.0000109400   -0.0000168700
   0.0010673000    0.0025124800   -0.0032028500
   0.0000221600   -0.0000018000   -0.0000224400
   0.0000132000    0.0000008600   -0.0000189500
   0.0000062800   -0.0000028000   -0.0000092100
  -0.0000020300    0.0000151200   -0.0000084200

46   
 -0.0065948334140211   0.0000000000000000  -0.0075171917789365
  -0.0005029700    0.0002047700   -0.0009570900
  -0.0066364700    0.0024099700   -0.0145491100
  -0.0000829500   -0.0000632900    0.0000111500
   0.0000049800   -0.0000124700    0.0000087600
  -0.0001170800   -0.0000603400   -0.0000300800
  -0.0000746500   -0.0000385200   -0.0000032500
  -0.0004353800   -0.0006314800   -0.0008791200
  -0.0000303300   -0.0000668700    0.0000784400
   0.0000365500    0.0000116700    0.0000118500
  -0.0108262200   -0.0248671300   -0.0346711000
  -0.0000357000    0.0000233900    0.0001454400
   0.0001094900    0.0001690300   -0.0000721700
  -0.0001201000   -0.0003206500   -0.0007032500
  -0.0000668700    0.0004053700   -0.0005430500
   0.0000265200   -0.0000081900   -0.0000039300
   0.0000213200    0.0000797600    0.0000203300
   0.0000164300   -0.0000128500   -0.0000015400
  -0.0000023400    0.0000397700   -0.0000090100
  -0.0501861900    0.0227164000   -0.0552947000
  -0.0003859100   -0.0002012800   -0.0002892500
   0.0000078500   -0.0000158800    0.0000001500
   0.0000402300   -0.0000007600    0.0000150900
  -0.0000239500   -0.0001605400    0.0001041400
  -0.0000092800    0.0000206400   -0.0000166200
  -0.0003795000    0.0005420600   -0.0003715800
   0.0000141100    0.0000013900   -0.0000150400
   0.0002096100    0.0000964100   -0.0000049500
  -0.0009930600   -0.0022579400   -0.0030750800
   0.0001765900    0.0015731500   -0.0003198500
   0.0000100200    0.0000092300   -0.0000003200
  -0.0000040500    0.0000153500   -0.0000214700
   0.0029095600    0.0006753100   -0.0016924700
   0.0000879200    0.0000380800   -0.0000575800
   0.0000222700   -0.0000534900   -0.0000400400
   0.0000030800   -0.0000039400   -0.0000176200
   0.0000190000   -0.0000050300    0.0000170300
  -0.0008243400   -0.0006272100    0.0000135700
  -0.0000328900    0.0000159600    0.0002842200
  -0.0000011800   -0.0000198100   -0.0000092100
  -0.0001191100    0.0000607600    0.0002179200
   0.0004550400   -0.0002865700    0.0010860100
   0.0000061400    0.0000237400   -0.0000090500
  -0.0000056500   -0.0000229300   -0.0000116600
   0.0000055000    0.0000164500    0.0000028800
  -0.0000002400    0.0000006500   -0.0000087600
   0.0744884100   -0.0003022800    0.1074328500
   0.0000049900    0.0000864600    0.0002487200
   0.0000529000    0.0000407000    0.0002096100
  -0.0000554700   -0.0000526400    0.0001717700
   0.0000314700   -0.0000508200    0.0002875400
  -0.0000072200    0.0000001200   -0.0000002600
  -0.0000792000   -0.0000574800    0.0001920700
  -0.0000073000   -0.0000000100   -0.0000001900
   0.0000549300    0.0000353500    0.0002687600
  -0.0022044200   -0.0020278500   -0.0013161000
   0.0002284200   -0.0001194900    0.0008481900
   0.0000008300   -0.0000029300   -0.0000080000
  -0.0000121000    0.0000118300   -0.0000127000
  -0.0000051200    0.0000254400    0.0002423200
   0.0000139400   -0.0000145900   -0.0000074800
  -0.0000145400   -0.0000802200    0.0002355700
   0.0000031700   -0.0000120500    0.0000053100
  -0.0000047100    0.0000125200   -0.0000188500
  -0.0007045700    0.0032482200    0.0035153700
  -0.0000210800    0.0000127700    0.0000249700
   0.0001540900    0.0000648300    0.0000592400
   0.0000644900    0.0014011100    0.0027708500
   0.0002130600    0.0000960600   -0.0000592400
  -0.0000204400    0.0000126400    0.0000188600
  -0.0000276900   -0.0000017500   -0.0000199700
  -0.0000003400   -0.0000049500    0.0000314900
   0.0000002100   -0.0000043800    0.0000223800
   0.0022524300   -0.0004035600   -0.0004698900
   0.0000024400    0.0000127700   -0.0000042900
  -0.0000785300   -0.0000424500    0.0001999900
   0.0011175100    0.0035039200   -0.0015618000
   0.0000184700    0.0000194500    0.0002516700
  -0.0000041300    0.0000001900   -0.0000111800
   0.0000051000    0.0000025000   -0.0000072400
   0.0000012900   -0.0000097000   -0.0000163400
   0.0000100900    0.0000022100   -0.0000085600
  -0.0036118500    0.0000627000    0.0022395600
  -0.0050720300   -0.0004704600    0.0037233900
  -0.0000244800    0.0000171600   -0.0000054100
  -0.0000227500    0.0000047800    0.0000174700
   0.0000424900    0.0000216400   -0.0000199300
  -0.0000114300   -0.0000138000    0.0000243200
   0.0000477400   -0.0000836200   -0.0000200700
  -0.0000198700    0.0000071300    0.0000138800
  -0.0000150800   -0.0000109900    0.0000269100
   0.0019273900   -0.0000010100   -0.0133051200
  -0.0000779100    0.0001454800   -0.0000584100
  -0.0000228800   -0.0000856900   -0.0000124600
   0.0000547000    0.0001440400   -0.0000005100
   0.0000787400   -0.0002212400   -0.0000705700
  -0.0000087000    0.0000001000    0.0000006800
   0.0000259500   -0.0000390100   -0.0000234100
  -0.0000087800    0.0000000000    0.0000006800
   0.0001064900    0.0000563200   -0.0000475400
  -0.0002832600   -0.0017201900    0.0024627800
   0.0001899900   -0.0000847600   -0.0000975500
  -0.0000222200   -0.0000067800    0.0000160300
   0.0000699700   -0.0000122200    0.0000176600
  -0.0010590400   -0.0025126700    0.0032019900
  -0.0000226100    0.0000018500    0.0000229600
  -0.0000133800   -0.0000005900    0.0000196200
  -0.0000061700    0.0000029700    0.0000094800
   0.0000018000   -0.0000152300    0.0000091300
