108  
9    

1    
  0.0070521766258959   0.0000000000000000   0.0070899086621175
  -0.1395433600    0.0003917700   -0.1728218600
   0.0010823300    0.0000539100    0.0002198600
   0.0010667800   -0.0000511300    0.0002109800
  -0.0000986000   -0.0006225800    0.0002133200
  -0.0000997000    0.0006278100    0.0002175400
   0.0000797400    0.0000001200   -0.0000419000
  -0.0000969200   -0.0007315400    0.0002177300
   0.0000797400   -0.0000001800   -0.0000418900
  -0.0001014300    0.0007288600    0.0002130700
   0.0019940800   -0.0069336600   -0.0032608800
   0.0005061400    0.0004641400    0.0000039400
   0.0000584200    0.0000356900   -0.0000032500
   0.0004859900    0.0003506300   -0.0000523200
   0.0023842700    0.0064804900   -0.0032315700
   0.0000381600   -0.0000327700   -0.0000162600
  -0.0000259100    0.0000028600   -0.0000159400
   0.0000099900   -0.0000245600   -0.0000031900
   0.0000229600    0.0000867100   -0.0000445900
   0.0016737000    0.0063395600   -0.0033239800
   0.0019457400   -0.0064208600   -0.0032655700
   0.0001721300    0.0000004100   -0.0000444300
  -0.0000203100   -0.0000729400   -0.0000161600
   0.0013018000   -0.0000010000    0.0000030400
  -0.0000191600    0.0000742300   -0.0000168100
   0.0010979500    0.0000078000   -0.0000443500
   0.0000436900   -0.0000120400   -0.0000028200
   0.0000434400    0.0000119900   -0.0000029400
   0.0020565900    0.0068345200   -0.0033293000
   0.0000585100   -0.0000359400   -0.0000025000
   0.0005078600   -0.0004536800    0.0000021600
   0.0023257000   -0.0064144200   -0.0033583800
   0.0004800500   -0.0003594100   -0.0000362800
   0.0000388800    0.0000343600   -0.0000167200
   0.0000217500   -0.0000861800   -0.0000442800
   0.0000091800    0.0000250300   -0.0000025600
  -0.0000246200   -0.0000034200   -0.0000170300
  -0.0024139400    0.0009789400    0.0015891000
  -0.0000376300    0.0000030500    0.0000347100
  -0.0000885100   -0.0000325200    0.0000500100
   0.0015158500   -0.0022618800    0.0022077900
  -0.0001770500    0.0012984300    0.0009643300
  -0.0000441000    0.0000205800    0.0000088800
  -0.0000326600    0.0000067200    0.0000044000
  -0.0000322800    0.0000300600    0.0000417200
   0.0000030100   -0.0000270800    0.0000132500
   0.0460921400   -0.0217734800    0.0500099100
  -0.0000119200    0.0000061600   -0.0000076500
   0.0001947900   -0.0005096100    0.0006029600
   0.0002643400    0.0003329400    0.0004055300
  -0.0000702100   -0.0000046200   -0.0000578500
  -0.0000250400    0.0000020000    0.0000094000
   0.0000156400   -0.0000036200   -0.0000250000
   0.0000036000   -0.0000295500    0.0000161100
   0.0000135000   -0.0001045700   -0.0000030700
   0.0443742000    0.0207660900    0.0482328300
   0.0001756100    0.0005207400    0.0005962300
  -0.0000114300   -0.0000074100   -0.0000082700
  -0.0000709800    0.0000069900   -0.0000562800
   0.0002506100   -0.0003524400    0.0003970400
  -0.0000246900   -0.0000014600    0.0000093100
   0.0000112700    0.0001045600   -0.0000025700
   0.0000035200    0.0000296400    0.0000163800
   0.0000161300    0.0000047300   -0.0000244500
  -0.0000272000   -0.0005680200    0.0001943200
  -0.0000478600    0.0000125000    0.0000044400
   0.0001811500    0.0001601400    0.0005736800
   0.0083874900    0.0226370000    0.0297976600
  -0.0000526800   -0.0001335900   -0.0000604800
  -0.0001934300    0.0001105800    0.0000492600
   0.0000024100    0.0000220800   -0.0000064400
   0.0000054900   -0.0000359500    0.0000283800
  -0.0000217600    0.0000207300    0.0000016100
   0.0001686800   -0.0001535900    0.0005865300
  -0.0000475500   -0.0000121200    0.0000044200
  -0.0000347200    0.0005835300    0.0001725000
   0.0084039100   -0.0220124000    0.0292668000
  -0.0001966000   -0.0001092700    0.0000471600
  -0.0000560600    0.0001315900   -0.0000600800
   0.0000064700    0.0000361600    0.0000272000
   0.0000031000   -0.0000232000   -0.0000050300
  -0.0000219400   -0.0000204200    0.0000015800
   0.0065936000   -0.0010394500    0.0099694400
   0.0004507700    0.0008969500    0.0001716500
  -0.0000014900    0.0000032100    0.0000294700
  -0.0001210700    0.0001378100    0.0000462300
   0.0007230100   -0.0003084600    0.0003536200
  -0.0000606900   -0.0000223600   -0.0000062500
   0.0001026100   -0.0000062900   -0.0000087100
  -0.0000179100    0.0000174500   -0.0000074100
   0.0000293000    0.0000084200    0.0000469300
   0.0065191600    0.0010859000    0.0099412400
  -0.0000018500   -0.0000022200    0.0000305800
   0.0004393200   -0.0009089500    0.0001560000
   0.0007235300    0.0003147200    0.0003707100
  -0.0001215000   -0.0001400500    0.0000437400
  -0.0000603100    0.0000222700   -0.0000061000
   0.0000289400   -0.0000077600    0.0000466300
  -0.0000176200   -0.0000171300   -0.0000073700
   0.0001020600    0.0000055300   -0.0000097900
  -0.0023916500   -0.0009748000    0.0015940700
  -0.0000882300    0.0000327900    0.0000511900
  -0.0000395900   -0.0000048000    0.0000365300
  -0.0001420900   -0.0012918100    0.0009724700
   0.0015496900    0.0022824900    0.0022218700
  -0.0000445100   -0.0000208200    0.0000088300
   0.0000028800    0.0000274800    0.0000132400
  -0.0000313600   -0.0000273900    0.0000444900
  -0.0000331400   -0.0000064400    0.0000045500

10   
  0.0070521766258959   0.0000000000000000   0.0070899086621175
   0.0020574500    0.0062952100   -0.0032397800
   0.0000579000    0.0000044900   -0.0000027700
   0.0005099100    0.0004550800   -0.0000044800
  -0.0000253300   -0.0000697900   -0.0000168600
   0.0000227500    0.0000864400   -0.0000447500
   0.0000088500    0.0000073500   -0.0000026000
   0.0004826200    0.0003590700   -0.0000431300
   0.0000381300    0.0000398800   -0.0000167000
   0.0023165600   -0.0067509600   -0.0032662700
  -0.1428573100    0.0000637500   -0.1736586500
   0.0008940800    0.0002082900    0.0003584100
   0.0008785700   -0.0001890900    0.0003486300
  -0.0000164300   -0.0003118200    0.0003507700
  -0.0000101600    0.0002885900    0.0004392300
   0.0000330800   -0.0000016400   -0.0000473800
  -0.0000147700   -0.0007119700    0.0003557100
   0.0000329800   -0.0000017400   -0.0000473900
  -0.0000114500    0.0006321700    0.0004348800
   0.0022879400   -0.0061504100   -0.0041259600
   0.0002432700   -0.0004381000    0.0000958300
  -0.0000017300    0.0000244500    0.0000084000
   0.0000331200   -0.0000480600   -0.0000137400
  -0.0000018200    0.0000234400    0.0000089700
  -0.0000010200   -0.0000352800    0.0000133000
   0.0019709500    0.0064359400   -0.0041413800
   0.0000089100   -0.0000413900    0.0000142400
   0.0003264300   -0.0004758200    0.0000867600
   0.0018502600   -0.0063990100   -0.0040868600
   0.0001296200   -0.0000069200   -0.0000139100
   0.0019554700    0.0062813900   -0.0040924000
   0.0011197800   -0.0000707200    0.0000886400
   0.0000183300    0.0000363400    0.0000136200
   0.0000107400   -0.0000301600    0.0000089800
   0.0000177700    0.0000239100    0.0000139000
   0.0000112500   -0.0000316700    0.0000086600
   0.0011191800    0.0000276100    0.0000882000
   0.0066895700    0.0006766500    0.0087069000
   0.0000372600   -0.0000147700    0.0000095100
   0.0006049600   -0.0008138600    0.0001552300
   0.0005996900    0.0001098800    0.0003788300
  -0.0001120300   -0.0000943300    0.0000133700
  -0.0000409600    0.0000170100   -0.0000143900
   0.0000265800   -0.0000232500    0.0000350600
  -0.0000141800   -0.0000060000   -0.0000062500
   0.0000920000    0.0000480300   -0.0000093000
   0.0016018700    0.0025089100    0.0020595000
  -0.0000372200   -0.0000251800    0.0000014000
  -0.0003532300   -0.0012625700    0.0009568300
  -0.0000254400   -0.0000313800    0.0000281100
  -0.0000297400   -0.0000012000   -0.0000001900
   0.0000011500    0.0000221900    0.0000063800
  -0.0000689500    0.0000260300    0.0000719900
  -0.0000239300    0.0000043700    0.0000124600
  -0.0026285200   -0.0010851300    0.0014180300
   0.0077571600   -0.0233562700    0.0297715900
  -0.0001478600   -0.0000897100    0.0000019300
   0.0000726700    0.0000885200   -0.0000215800
   0.0000014100    0.0000002600    0.0000176900
  -0.0000178000   -0.0000005700   -0.0000312900
  -0.0000117700   -0.0000147500   -0.0000036100
   0.0001080500   -0.0000974100    0.0006168600
  -0.0000334400   -0.0000140500    0.0000039200
   0.0001334400    0.0008273700    0.0001606500
   0.0005505800    0.0008769200    0.0001497200
   0.0000426100    0.0000143800    0.0000253000
   0.0070355500   -0.0006254700    0.0082226300
   0.0007462700   -0.0000428700    0.0004011900
  -0.0000443100   -0.0000196200   -0.0000112500
  -0.0001475000    0.0001218200    0.0000484700
  -0.0000174400    0.0000107400   -0.0000039200
   0.0000402500    0.0000271200    0.0000265700
   0.0001087100   -0.0001029100    0.0000068100
   0.0000588600    0.0004852100    0.0006886700
   0.0000497500    0.0000071400   -0.0000195800
   0.0466652100    0.0229608900    0.0505519300
   0.0001766700   -0.0005783100    0.0004101700
  -0.0000113500   -0.0000015100    0.0000073900
  -0.0000262500   -0.0000879900   -0.0000602900
   0.0000105500    0.0000272800    0.0000096100
   0.0000295500    0.0000479600   -0.0000458000
  -0.0000391500    0.0001022500   -0.0000427700
   0.0083471600    0.0238942200    0.0299543600
   0.0001064000   -0.0001156400   -0.0000394800
  -0.0001688100    0.0000896300    0.0000089400
  -0.0000083300    0.0000024200   -0.0000125000
   0.0000048800    0.0000010100    0.0000123800
  -0.0000125100    0.0000223900   -0.0000001200
   0.0000073000   -0.0007075400    0.0002332100
  -0.0000332400    0.0000184100    0.0000016800
  -0.0000282600    0.0000741400    0.0006466300
  -0.0004364700    0.0010173000    0.0009100300
  -0.0000357800    0.0000224100    0.0000033800
   0.0015888900   -0.0023950700    0.0024419300
  -0.0000303700    0.0000300800    0.0000305400
   0.0000073000   -0.0000223900    0.0000119800
  -0.0000392600   -0.0000026000   -0.0000017600
  -0.0000369900    0.0000070800    0.0000180300
  -0.0000780500   -0.0000218500    0.0000466800
  -0.0023656100    0.0013904000    0.0015521100
   0.0480169900   -0.0232142200    0.0525517300
   0.0000431700   -0.0000101200   -0.0000131000
   0.0000803000   -0.0006426400    0.0006957000
   0.0001974700    0.0004857000    0.0004876500
  -0.0000218000    0.0001129600   -0.0000604300
  -0.0000055300   -0.0000033800    0.0000074800
   0.0000246000   -0.0000307800   -0.0000394800
   0.0000112300   -0.0000208200    0.0000126300
  -0.0000398500   -0.0001318400   -0.0000368300

10   
 -0.0070521766258959   0.0000000000000000  -0.0070899086621175
  -0.0019906400   -0.0062177400    0.0033501100
  -0.0000588800   -0.0000024200    0.0000030500
  -0.0005040200   -0.0004626800   -0.0000105700
   0.0000254300    0.0000709700    0.0000162000
  -0.0000216300   -0.0000863800    0.0000444400
  -0.0000101500   -0.0000079000    0.0000032200
  -0.0004831200   -0.0003510600    0.0000457100
  -0.0000387100   -0.0000401200    0.0000163600
  -0.0023953400    0.0066350500    0.0033237900
   0.1428347600    0.0008659000    0.1736415700
  -0.0008791800   -0.0002067400   -0.0003487100
  -0.0008946900    0.0001894200   -0.0003585000
   0.0000179700    0.0003170000   -0.0003566000
   0.0000083900   -0.0002847300   -0.0004353000
  -0.0000330700    0.0000014300    0.0000472900
   0.0000196800    0.0007103100   -0.0003515700
  -0.0000331400    0.0000013300    0.0000472900
   0.0000071700   -0.0006346500   -0.0004396100
  -0.0023517400    0.0062180900    0.0040131600
  -0.0002472700    0.0004310600   -0.0000824600
   0.0000027700   -0.0000229200   -0.0000090500
  -0.0000346000    0.0000481700    0.0000138100
   0.0000008400   -0.0000228800   -0.0000084700
   0.0000022800    0.0000350300   -0.0000146700
  -0.0018995200   -0.0065407800    0.0040770100
  -0.0000089300    0.0000411200   -0.0000137100
  -0.0003223100    0.0004848500   -0.0000914200
  -0.0015736900    0.0063246400    0.0041310100
  -0.0001297500    0.0000071300    0.0000138100
  -0.0022462800   -0.0063401000    0.0040464100
  -0.0011196300    0.0000697800   -0.0000895000
  -0.0000170700   -0.0000361400   -0.0000143500
  -0.0000122100    0.0000308100   -0.0000084600
  -0.0000176100   -0.0000241500   -0.0000140400
  -0.0000116700    0.0000314800   -0.0000087900
  -0.0011204100   -0.0000147700   -0.0000900100
  -0.0067888500   -0.0006114600   -0.0087123800
  -0.0000375900    0.0000152300   -0.0000090300
  -0.0006187400    0.0008022500   -0.0001698600
  -0.0005991300   -0.0001043400   -0.0003620700
   0.0001117000    0.0000919100   -0.0000148000
   0.0000412700   -0.0000173200    0.0000144200
  -0.0000267800    0.0000235200   -0.0000354100
   0.0000143000    0.0000060300    0.0000062800
  -0.0000921000   -0.0000490200    0.0000084100
  -0.0015695600   -0.0024907000   -0.0020461900
   0.0000367900    0.0000245100   -0.0000015200
   0.0003867100    0.0012662600   -0.0009492200
   0.0000264000    0.0000336000   -0.0000257500
   0.0000290800    0.0000013100    0.0000002400
  -0.0000011400   -0.0000219600   -0.0000065500
   0.0000688600   -0.0000259100   -0.0000711500
   0.0000217500   -0.0000063600   -0.0000106900
   0.0026505700    0.0010942200   -0.0014112000
  -0.0076995700    0.0239914800   -0.0302839000
   0.0001453600    0.0000909100   -0.0000035700
  -0.0000768500   -0.0000902100    0.0000215700
  -0.0000007900   -0.0000000200   -0.0000185000
   0.0000182000   -0.0000008000    0.0000323800
   0.0000115300    0.0000148200    0.0000037500
  -0.0001212800    0.0001018600   -0.0006060900
   0.0000336100    0.0000140800   -0.0000039300
  -0.0001422900   -0.0008163200   -0.0001807300
  -0.0005383600   -0.0008885400   -0.0001341200
  -0.0000424700   -0.0000138900   -0.0000261700
  -0.0069170400    0.0006964000   -0.0082110900
  -0.0007479900    0.0000478200   -0.0004159200
   0.0000438300    0.0000193200    0.0000111100
   0.0001477600   -0.0001240000   -0.0000467800
   0.0000171700   -0.0000106800    0.0000037700
  -0.0000401500   -0.0000267200   -0.0000262800
  -0.0001084500    0.0001022900   -0.0000057400
  -0.0000778500   -0.0004728500   -0.0006966000
  -0.0000497200   -0.0000082800    0.0000194100
  -0.0484889400   -0.0240866800   -0.0524582500
  -0.0001903400    0.0005612500   -0.0004186000
   0.0000116000    0.0000017700   -0.0000075000
   0.0000249000    0.0000901600    0.0000621600
  -0.0000106100   -0.0000274200   -0.0000093900
  -0.0000291800   -0.0000473400    0.0000466500
   0.0000372200   -0.0001031800    0.0000432300
  -0.0083930500   -0.0232354400   -0.0294038800
  -0.0001028100    0.0001138500    0.0000394500
   0.0001708800   -0.0000885200   -0.0000070300
   0.0000078200   -0.0000039000    0.0000112000
  -0.0000058600   -0.0000012000   -0.0000116900
   0.0000125000   -0.0000223400    0.0000000000
   0.0000010700    0.0007200500   -0.0002131400
   0.0000328700   -0.0000183800   -0.0000017800
   0.0000406300   -0.0000692100   -0.0006578500
   0.0004050400   -0.0010127700   -0.0009196000
   0.0000360400   -0.0000230700   -0.0000032700
  -0.0016246000    0.0024163000   -0.0024559600
   0.0000294300   -0.0000279400   -0.0000329400
  -0.0000074000    0.0000225600   -0.0000118200
   0.0000397800    0.0000027400    0.0000016000
   0.0000388500   -0.0000090800   -0.0000199400
   0.0000780900    0.0000220100   -0.0000475200
   0.0023482500   -0.0013888400   -0.0015535200
  -0.0461788800    0.0221052200   -0.0506572100
  -0.0000432400    0.0000088200    0.0000133700
  -0.0000613000    0.0006541600   -0.0006864400
  -0.0001837000   -0.0005059400   -0.0004788000
   0.0000223600   -0.0001110700    0.0000588500
   0.0000051500    0.0000036000   -0.0000075100
  -0.0000249500    0.0000315300    0.0000389500
  -0.0000113100    0.0000206600   -0.0000129700
   0.0000415500    0.0001317200    0.0000365700

37   
  0.0070521766258959   0.0000000000000000   0.0070899086621175
  -0.0024180700    0.0007214700    0.0015891000
  -0.0000574900   -0.0000151500    0.0000186600
  -0.0000722000    0.0000232700    0.0000678300
  -0.0000199700    0.0000149800   -0.0000088800
  -0.0000113600   -0.0000198600    0.0000265200
  -0.0000315500   -0.0000089500    0.0000437000
   0.0013024500   -0.0021511800    0.0024475100
  -0.0000458100    0.0000052000    0.0000088100
   0.0000461800    0.0014195900    0.0007393300
   0.0054323800    0.0014062000    0.0100087900
   0.0000961000    0.0001829000    0.0006968100
   0.0000506200   -0.0000547600   -0.0000044700
   0.0000630600   -0.0000119200   -0.0000009600
   0.0000398800    0.0000279200    0.0000433000
  -0.0000110100   -0.0000080000   -0.0000096000
   0.0003486300   -0.0004365600    0.0006315300
  -0.0000348000    0.0000133400   -0.0000214400
  -0.0000306100   -0.0000897600   -0.0000669400
   0.0001988200    0.0003519700    0.0003635100
  -0.0002076200   -0.0007104800    0.0004953200
  -0.0000247800   -0.0000112300    0.0000030800
   0.0000250900    0.0000171400    0.0000019800
  -0.0000116200   -0.0000126100   -0.0000037000
  -0.0000271000    0.0000391000   -0.0000053500
   0.0078621400   -0.0251511500    0.0303550400
  -0.0000723000    0.0000325500    0.0000882600
  -0.0000257800    0.0000272300   -0.0001329400
   0.0494651200    0.0240239500    0.0512429400
   0.0000283400   -0.0000175000    0.0000010700
   0.0005915300   -0.0003543100    0.0001629700
   0.0000114200   -0.0000977000   -0.0000892600
  -0.0000113200    0.0000286000   -0.0000027600
   0.0000084600    0.0000191600    0.0000158200
  -0.0001061700    0.0000997000    0.0000217200
  -0.0000128000   -0.0000007200    0.0000141100
   0.0004455500    0.0009660000    0.0002296400
  -0.0756589200   -0.0003084500   -0.0970120700
   0.0000329800    0.0000102800   -0.0001539800
   0.0000485900    0.0000579200   -0.0001662000
  -0.0000129000   -0.0000628000   -0.0001930600
   0.0000391400    0.0000164000   -0.0001279600
   0.0000055100    0.0000000600    0.0000063400
  -0.0000204500   -0.0000024800   -0.0001871700
   0.0000056400   -0.0000000600    0.0000062300
   0.0000471000   -0.0000178500   -0.0001343100
  -0.0009431200    0.0030063500    0.0015774700
   0.0000098400   -0.0000009900    0.0000119200
   0.0000346300   -0.0000210800   -0.0001905900
  -0.0000020200   -0.0000084800    0.0000099300
   0.0000023900   -0.0000022400    0.0000036400
  -0.0000044600    0.0000014800    0.0000104200
   0.0000588000   -0.0000374000   -0.0001398700
  -0.0000022400    0.0000118500    0.0000003600
  -0.0020304000   -0.0003173000    0.0005359600
   0.0014995300   -0.0032231800   -0.0023562300
  -0.0000422600   -0.0000257000    0.0000236200
   0.0000250800   -0.0000030200   -0.0000174200
  -0.0000005300   -0.0000204400   -0.0000077600
   0.0000052700    0.0000022700   -0.0000209600
   0.0000057100   -0.0000067100   -0.0000158700
   0.0006290200   -0.0020358800   -0.0015805700
   0.0000280000   -0.0000093600   -0.0000284400
  -0.0000931700   -0.0000468700    0.0000791400
   0.0018571100   -0.0016275300    0.0012617600
  -0.0000014900    0.0000055700    0.0000068600
  -0.0001938400   -0.0002135800   -0.0008034500
  -0.0000058400   -0.0000139000   -0.0001981600
   0.0000156300    0.0000135000    0.0000069000
  -0.0000093900   -0.0000134400    0.0000038600
   0.0000016200    0.0000053400    0.0000174100
   0.0000001400   -0.0000154400   -0.0000018000
  -0.0000029800   -0.0000578800   -0.0002098600
   0.0047802300    0.0000850600   -0.0012593700
   0.0000349300    0.0000131500    0.0000028400
   0.0064634500   -0.0002148400   -0.0028123800
  -0.0000116100    0.0000142200    0.0000278700
   0.0000333400    0.0000193600   -0.0000178500
   0.0000146300   -0.0000180200   -0.0000211500
   0.0000203100   -0.0000145500   -0.0000265600
   0.0000250500    0.0000132100   -0.0000117800
   0.0000027800   -0.0000674800    0.0000165900
  -0.0003591900   -0.0002792100   -0.0011111500
   0.0001336400    0.0000795100   -0.0002281100
  -0.0000024000    0.0000225300   -0.0000010300
  -0.0000071900   -0.0000032900    0.0000100300
   0.0000061000    0.0000148300    0.0000056300
   0.0000083300   -0.0000227100    0.0000005000
   0.0005901000   -0.0005357000   -0.0000874700
   0.0000073300   -0.0000081700    0.0000152700
   0.0000804300    0.0000497300   -0.0002563000
   0.0004937500    0.0017586700   -0.0017246400
   0.0000354900    0.0000187700   -0.0000215800
  -0.0001584800    0.0000934000    0.0000110000
   0.0000017600   -0.0000056400   -0.0000175500
   0.0000225900    0.0000072300    0.0000135600
  -0.0000027000   -0.0000098200   -0.0000233400
  -0.0000695200    0.0000336500   -0.0000242200
   0.0000290700    0.0000139100   -0.0000102500
   0.0014155500    0.0036347100   -0.0025019900
  -0.0015588300    0.0000004300    0.0110605000
   0.0000187700   -0.0000927500   -0.0000012100
   0.0000264300    0.0001253000    0.0000049300
  -0.0000631300   -0.0001622400    0.0000185200
  -0.0000383500    0.0001397000   -0.0000147400
   0.0000084700    0.0000000500   -0.0000025200
  -0.0000670500    0.0000612800    0.0000152000
   0.0000085700   -0.0000000100   -0.0000024900
  -0.0000337300   -0.0000716800   -0.0000119100

37   
 -0.0070521766258959   0.0000000000000000  -0.0070899086621175
   0.0023878400   -0.0007255800   -0.0015934300
   0.0000548200    0.0000127000   -0.0000174800
   0.0000701700   -0.0000219200   -0.0000672200
   0.0000186300   -0.0000139400    0.0000089500
   0.0000100400    0.0000190100   -0.0000265200
   0.0000325100    0.0000084100   -0.0000418800
  -0.0013237200    0.0021397900   -0.0024183900
   0.0000428600   -0.0000047500   -0.0000088000
  -0.0000733300   -0.0014240300   -0.0007601300
  -0.0052828100   -0.0014776900   -0.0101604600
  -0.0000557600   -0.0001819400   -0.0006946900
  -0.0000523200    0.0000561600    0.0000058900
  -0.0000631200    0.0000122500    0.0000019600
  -0.0000394300   -0.0000285700   -0.0000430500
   0.0000111200    0.0000077700    0.0000096000
  -0.0003283500    0.0004099400   -0.0006285700
   0.0000333100   -0.0000129700    0.0000213900
   0.0000294600    0.0000901000    0.0000680800
  -0.0002164000   -0.0003364500   -0.0003586000
   0.0002131100    0.0007222000   -0.0004896000
   0.0000246200    0.0000108900   -0.0000031900
  -0.0000245700   -0.0000157700   -0.0000008500
   0.0000108600    0.0000127900    0.0000035600
   0.0000274000   -0.0000403200    0.0000066500
  -0.0078463800    0.0246369200   -0.0299499200
   0.0000710200   -0.0000288700   -0.0000874300
   0.0000253900   -0.0000291900    0.0001340700
  -0.0474990700   -0.0228921200   -0.0492147000
  -0.0000293600    0.0000179400   -0.0000001100
  -0.0006228900    0.0003624600   -0.0001523200
  -0.0000119500    0.0000974900    0.0000883900
   0.0000118500   -0.0000295700    0.0000034800
  -0.0000077900   -0.0000187300   -0.0000159300
   0.0001020200   -0.0001010900   -0.0000219600
   0.0000113400    0.0000002400   -0.0000142000
  -0.0004580400   -0.0009765800   -0.0002171700
   0.0736775200   -0.0002964500    0.0945912000
  -0.0000325400   -0.0000108100    0.0001519500
  -0.0000434900   -0.0000585400    0.0001661500
   0.0000140300    0.0000613000    0.0001921000
  -0.0000400200   -0.0000158700    0.0001252700
  -0.0000054200    0.0000000700   -0.0000066400
   0.0000197600    0.0000032400    0.0001847500
  -0.0000052900   -0.0000000500   -0.0000067300
  -0.0000453600    0.0000222300    0.0001321200
   0.0009312000   -0.0029544200   -0.0015402200
  -0.0000087900    0.0000009600   -0.0000121500
  -0.0000341600    0.0000229600    0.0001932000
   0.0000023000    0.0000080200   -0.0000101900
  -0.0000024200    0.0000027300   -0.0000037900
   0.0000042400   -0.0000016200   -0.0000105000
  -0.0000518300    0.0000337600    0.0001415600
   0.0000032800   -0.0000117100   -0.0000006000
   0.0020212300    0.0003172900   -0.0005318100
  -0.0014972800    0.0032203800    0.0023594400
   0.0000389500    0.0000243800   -0.0000239000
  -0.0000246500    0.0000029000    0.0000170300
   0.0000006200    0.0000200000    0.0000071200
  -0.0000052300   -0.0000019800    0.0000206200
  -0.0000058600    0.0000069500    0.0000152300
  -0.0006584700    0.0020288000    0.0015552200
  -0.0000272900    0.0000089100    0.0000282500
   0.0000937200    0.0000477800   -0.0000799000
  -0.0018496100    0.0016391400   -0.0012420100
   0.0000023100   -0.0000055300   -0.0000069200
   0.0002140500    0.0002295800    0.0007922300
   0.0000068100    0.0000152200    0.0002013000
  -0.0000151800   -0.0000123000   -0.0000073500
   0.0000095100    0.0000131200   -0.0000040800
  -0.0000011400   -0.0000053100   -0.0000175300
   0.0000004700    0.0000160500    0.0000016300
   0.0000045300    0.0000582600    0.0002092400
  -0.0046974100   -0.0000720100    0.0012284100
  -0.0000339100   -0.0000133500   -0.0000034100
  -0.0065431300    0.0002098100    0.0028352600
   0.0000113200   -0.0000138100   -0.0000300500
  -0.0000328900   -0.0000186800    0.0000173400
  -0.0000143600    0.0000177600    0.0000207600
  -0.0000200800    0.0000145400    0.0000269800
  -0.0000246300   -0.0000127800    0.0000115700
  -0.0000027800    0.0000715100   -0.0000172300
   0.0003595400    0.0002626800    0.0010981900
  -0.0001363000   -0.0000806900    0.0002263400
   0.0000031700   -0.0000228400    0.0000008500
   0.0000072200    0.0000028400   -0.0000101000
  -0.0000061000   -0.0000147400   -0.0000057500
  -0.0000084800    0.0000230400   -0.0000007800
  -0.0006283700    0.0005381000    0.0000723600
  -0.0000067300    0.0000076400   -0.0000153000
  -0.0000806000   -0.0000505500    0.0002612500
  -0.0005067000   -0.0017621900    0.0016950200
  -0.0000348100   -0.0000182600    0.0000210600
   0.0001634300   -0.0000956600   -0.0000091000
  -0.0000014000    0.0000051100    0.0000177700
  -0.0000223900   -0.0000066800   -0.0000137500
   0.0000023800    0.0000098900    0.0000226600
   0.0000688500   -0.0000330100    0.0000189400
  -0.0000281900   -0.0000139600    0.0000099600
  -0.0014049500   -0.0036203700    0.0024975800
   0.0015344300    0.0000005100   -0.0109229500
  -0.0000175300    0.0000905500    0.0000035900
  -0.0000249500   -0.0001258800   -0.0000053000
   0.0000628800    0.0001617700   -0.0000172300
   0.0000364000   -0.0001372700    0.0000155800
  -0.0000082400    0.0000000600    0.0000024300
   0.0000665100   -0.0000622400   -0.0000130200
  -0.0000081500   -0.0000000100    0.0000024600
   0.0000334400    0.0000727200    0.0000109000

46   
  0.0100000000000000   0.0000000000000000   0.0000000000000000
   0.0363395000   -0.0141163200    0.0268182600
   0.0004661300    0.0003264700   -0.0001856600
  -0.0000104600   -0.0000314500   -0.0000069800
   0.0000310400    0.0000266700   -0.0000087900
   0.0000799700    0.0000236000   -0.0000630100
  -0.0000101900   -0.0000335400    0.0000153400
   0.0007009700   -0.0008658500   -0.0003334600
  -0.0000604400    0.0000171700    0.0000252600
  -0.0001360000   -0.0001950000    0.0000353000
   0.0008096800    0.0027163500    0.0014098900
   0.0008925000   -0.0026195500   -0.0013993700
  -0.0000516100   -0.0000002000   -0.0000005100
  -0.0000754100    0.0000237100   -0.0000209400
  -0.0035402100   -0.0000153000   -0.0001939400
  -0.0000717000   -0.0000211800    0.0000397400
  -0.0000396200    0.0000062300    0.0000025900
  -0.0000271200    0.0000128000    0.0000288200
  -0.0000155600   -0.0000167100   -0.0000255700
   0.0005196600   -0.0003587400    0.0005147700
   0.0394111900    0.0162486800   -0.0295941200
   0.0000675700    0.0000439600   -0.0000090400
   0.0000000700    0.0000241200   -0.0000199000
   0.0000362700   -0.0000672900    0.0000867700
   0.0000462500    0.0000268000    0.0000014800
   0.0005898700    0.0008678200    0.0004088700
  -0.0001164300    0.0000961700   -0.0000741800
  -0.0000363100   -0.0000165700   -0.0000222700
   0.0114163400   -0.0003867800   -0.0004131300
  -0.0000300800    0.0000457200   -0.0001782000
  -0.0000666700   -0.0000564800    0.0001716500
   0.0000690700    0.0007718700    0.0001195200
   0.0000890200   -0.0007660800    0.0000770200
  -0.0000471800   -0.0000025200   -0.0000001000
  -0.0000087900   -0.0000194900   -0.0000164300
  -0.0000168400    0.0000022700    0.0000007500
  -0.0000051600    0.0000245600    0.0000061700
  -0.0009140900    0.0002045900   -0.0004011200
   0.0001211700   -0.0000729500   -0.0000731600
   0.0000047900    0.0000182200    0.0000086000
   0.0000980800   -0.0000609300   -0.0000196000
  -0.0010141900    0.0022837500   -0.0018698600
   0.0000028700   -0.0000164600   -0.0000069100
   0.0000027500    0.0000141000   -0.0000058900
   0.0000029100   -0.0000179900   -0.0000088800
  -0.0000034200    0.0000003900    0.0000067400
  -0.1036896700   -0.0021340600    0.0036325800
   0.0000340200   -0.0000372000   -0.0000422900
   0.0000348300    0.0000511800   -0.0000058400
   0.0000121900   -0.0000481700    0.0000504100
   0.0000192200    0.0000851700   -0.0000736400
   0.0000120100    0.0000004200    0.0000014700
   0.0000121100    0.0000397000    0.0000529600
   0.0000120500    0.0000001200   -0.0000016000
   0.0000195800   -0.0000135400   -0.0000606100
   0.0009824500    0.0008291600    0.0012613000
   0.0010793300   -0.0010999700   -0.0015360500
   0.0000038600    0.0000010100    0.0000003100
   0.0000018900   -0.0000268700    0.0000002900
  -0.0000116100    0.0000056000    0.0000343700
   0.0000055400    0.0000232400   -0.0000016000
  -0.0000117300    0.0000181600    0.0000179600
   0.0000055000    0.0000199100   -0.0000175700
   0.0000019700   -0.0000099400    0.0000141100
   0.0014068700   -0.0041282500   -0.0005554800
   0.0000462200   -0.0000188400    0.0000092000
  -0.0001257700   -0.0000639100   -0.0001172400
   0.0008844200   -0.0030287400    0.0004673800
  -0.0001504200   -0.0000523200   -0.0000032900
   0.0000507200   -0.0000125900    0.0000016100
   0.0000175300   -0.0000202400    0.0000177900
   0.0000029400    0.0000151200   -0.0000075400
   0.0000058800    0.0000046000   -0.0000025300
  -0.0010091000   -0.0000975800    0.0004861700
   0.0000063800   -0.0000225500   -0.0000110000
   0.0001159300    0.0000556300    0.0000774000
  -0.0007947300   -0.0018285200    0.0015489300
   0.0001060800    0.0000614400   -0.0000151500
   0.0000117100    0.0000155300    0.0000058000
  -0.0000044900   -0.0000058500   -0.0000046000
  -0.0000031900    0.0000240600   -0.0000002300
   0.0000037600   -0.0000203900    0.0000013800
   0.0068036500   -0.0004265100    0.0010763300
   0.0082721700    0.0002179400   -0.0011583400
   0.0000578200   -0.0000034100    0.0000027600
   0.0000309300   -0.0000309200    0.0000032100
  -0.0000377200   -0.0000105600    0.0000045500
   0.0000334900    0.0000261100   -0.0000031000
  -0.0000379500    0.0000151500   -0.0000005300
   0.0000334900   -0.0000204500    0.0000110000
   0.0000310000    0.0000242000   -0.0000091400
  -0.0023384800   -0.0001333000   -0.0001787200
   0.0000513000   -0.0001800900    0.0000036400
   0.0000520000    0.0001464500   -0.0000217200
  -0.0000634300   -0.0002453400   -0.0000190600
  -0.0000879900    0.0002286600    0.0000138000
   0.0000152400    0.0000016300   -0.0000008700
  -0.0000648300    0.0000804400   -0.0000117600
   0.0000152500    0.0000014300    0.0000014600
  -0.0000865100   -0.0000790300    0.0000142700
   0.0014232900    0.0039814700    0.0007066800
  -0.0001429700    0.0000855900    0.0000859000
   0.0000423400    0.0000208400   -0.0000071400
  -0.0001134200    0.0000568600   -0.0000176700
   0.0014541200    0.0035709800   -0.0005388200
   0.0000400900    0.0000150200   -0.0000007700
   0.0000049100   -0.0000038200    0.0000027900
   0.0000023000   -0.0000078900    0.0000058400
   0.0000154900    0.0000194100   -0.0000162500

46   
 -0.0100000000000000   0.0000000000000000   0.0000000000000000
  -0.0370895000    0.0145310900   -0.0277271000
  -0.0004276900   -0.0003143100    0.0001808400
   0.0000090700    0.0000336500    0.0000071700
  -0.0000326200   -0.0000271300    0.0000095600
  -0.0000823400   -0.0000221900    0.0000637900
   0.0000101700    0.0000329800   -0.0000150100
  -0.0006897700    0.0008579500    0.0003235500
   0.0000604200   -0.0000169400   -0.0000250100
   0.0001365700    0.0001959700   -0.0000362300
  -0.0008425400   -0.0027535400   -0.0014199400
  -0.0008608100    0.0025846700    0.0013890000
   0.0000515500    0.0000006000    0.0000010200
   0.0000762200   -0.0000243800    0.0000227300
   0.0035451300    0.0000450100    0.0002046800
   0.0000715100    0.0000206300   -0.0000381600
   0.0000398600   -0.0000071600   -0.0000030300
   0.0000270300   -0.0000124700   -0.0000282900
   0.0000154000    0.0000169900    0.0000260400
  -0.0005557300    0.0003723100   -0.0005232400
  -0.0386111900   -0.0157732200    0.0285694600
  -0.0000654000   -0.0000417500    0.0000086300
   0.0000000100   -0.0000243400    0.0000202400
  -0.0000340400    0.0000671900   -0.0000860300
  -0.0000450500   -0.0000267100   -0.0000009900
  -0.0006017700   -0.0008769500   -0.0004201600
   0.0001154800   -0.0000953800    0.0000731800
   0.0000363800    0.0000166300    0.0000224600
  -0.0114162700    0.0005487300    0.0004919400
   0.0000297100   -0.0000463300    0.0001761300
   0.0000683800    0.0000555100   -0.0001733600
  -0.0000778300   -0.0007778700   -0.0001233600
  -0.0000782300    0.0007597200   -0.0000805900
   0.0000471900    0.0000024400    0.0000005600
   0.0000090600    0.0000186200    0.0000162100
   0.0000169000   -0.0000020400   -0.0000004400
   0.0000047000   -0.0000255400   -0.0000064400
   0.0009241000   -0.0002052200    0.0004135500
  -0.0001189500    0.0000718100    0.0000687600
  -0.0000044500   -0.0000184500   -0.0000085100
  -0.0000945900    0.0000606100    0.0000159300
   0.0009943700   -0.0022285600    0.0018471400
  -0.0000032400    0.0000159400    0.0000069300
  -0.0000028900   -0.0000135300    0.0000058100
  -0.0000028300    0.0000175600    0.0000090300
   0.0000033700   -0.0000004500   -0.0000068100
   0.1036115700    0.0009605400   -0.0017144000
  -0.0000352100    0.0000361500    0.0000399000
  -0.0000344000   -0.0000524300    0.0000036500
  -0.0000125800    0.0000507600   -0.0000508000
  -0.0000191900   -0.0000829400    0.0000730700
  -0.0000120200   -0.0000001100   -0.0000014700
  -0.0000126700   -0.0000383200   -0.0000519200
  -0.0000119900   -0.0000004200    0.0000019000
  -0.0000188100    0.0000151500    0.0000614800
  -0.0009796900   -0.0008154900   -0.0012672100
  -0.0010820200    0.0011124600    0.0015283500
  -0.0000040400   -0.0000009600   -0.0000004100
  -0.0000018200    0.0000274400   -0.0000002000
   0.0000117700   -0.0000095400   -0.0000391100
  -0.0000057400   -0.0000227100    0.0000017800
   0.0000116500   -0.0000175000   -0.0000193200
  -0.0000057600   -0.0000193900    0.0000176200
  -0.0000017400    0.0000103700   -0.0000140600
  -0.0014223900    0.0041093500    0.0005614400
  -0.0000457500    0.0000183900   -0.0000088000
   0.0001262200    0.0000654800    0.0001196300
  -0.0008783800    0.0030603300   -0.0004695500
   0.0001451900    0.0000518900    0.0000020900
  -0.0000514200    0.0000127800   -0.0000018500
  -0.0000174000    0.0000205900   -0.0000178400
  -0.0000030000   -0.0000150200    0.0000075200
  -0.0000060400   -0.0000044200    0.0000028600
   0.0010007900    0.0000981800   -0.0004746600
  -0.0000067600    0.0000223100    0.0000111000
  -0.0001174000   -0.0000569200   -0.0000824600
   0.0008142800    0.0018784100   -0.0015686800
  -0.0001095300   -0.0000614000    0.0000120900
  -0.0000114500   -0.0000160400   -0.0000058900
   0.0000045800    0.0000059400    0.0000044800
   0.0000031200   -0.0000244900    0.0000004500
  -0.0000036500    0.0000211400   -0.0000014800
  -0.0069870900    0.0004279800   -0.0010944000
  -0.0080697800   -0.0002188700    0.0011444100
  -0.0000580100    0.0000026400   -0.0000025300
  -0.0000311100    0.0000316300   -0.0000034100
   0.0000378400    0.0000122400   -0.0000047000
  -0.0000334500   -0.0000255800    0.0000029400
   0.0000376300   -0.0000123600    0.0000025300
  -0.0000334600    0.0000203100   -0.0000113000
  -0.0000310800   -0.0000243400    0.0000087900
   0.0023401100    0.0001331800    0.0002364000
  -0.0000519100    0.0001780800   -0.0000036700
  -0.0000512100   -0.0001480400    0.0000218500
   0.0000647300    0.0002463900    0.0000188200
   0.0000867400   -0.0002282300   -0.0000143700
  -0.0000152500   -0.0000013900    0.0000007800
   0.0000633200   -0.0000804800    0.0000123100
  -0.0000152400   -0.0000015900   -0.0000016000
   0.0000882200    0.0000789100   -0.0000135700
  -0.0014103400   -0.0039984900   -0.0007012800
   0.0001427500   -0.0000839300   -0.0000839500
  -0.0000427500   -0.0000213600    0.0000074700
   0.0001171800   -0.0000575000    0.0000166100
  -0.0014585100   -0.0035390300    0.0005424300
  -0.0000397500   -0.0000148000    0.0000005400
  -0.0000047900    0.0000039800   -0.0000025200
  -0.0000023100    0.0000080900   -0.0000057900
  -0.0000156300   -0.0000191900    0.0000162400

46   
  0.0000000000000000   0.0000000000000000   0.0100000000000000
   0.0273085900   -0.0157666200    0.0412378400
   0.0003263600    0.0001423000    0.0005327100
  -0.0000265000    0.0000426600    0.0000138400
  -0.0000502000    0.0000016000    0.0000138300
   0.0000060000    0.0000849600   -0.0000091400
   0.0000164200   -0.0000095000    0.0000058400
   0.0000399400   -0.0003537800    0.0005327000
   0.0000110400   -0.0000063600    0.0000019400
  -0.0000705800   -0.0000476700   -0.0000091500
   0.0008205400    0.0005892800    0.0020937500
  -0.0010768000    0.0006217100    0.0023999900
  -0.0000013300   -0.0000070900    0.0000031100
   0.0000370400   -0.0000213700    0.0000616000
  -0.0001000700   -0.0010052600    0.0020937700
  -0.0000249100   -0.0000106500    0.0000392500
  -0.0000032200    0.0000269100    0.0000392600
   0.0000054900    0.0000047100    0.0000031200
  -0.0000083700    0.0000048300    0.0000079800
  -0.0003607800    0.0001911400    0.0005764800
  -0.0299206300   -0.0175671500    0.0416675100
   0.0000198600    0.0000474800   -0.0000154900
  -0.0000075800   -0.0000062100    0.0000036600
   0.0000546600    0.0000558600   -0.0000096300
   0.0000528400    0.0000056900    0.0000028900
  -0.0001264200   -0.0003975600    0.0005853800
   0.0000631200    0.0000020200   -0.0000258700
  -0.0000158100   -0.0000062400   -0.0000029100
   0.0002532700    0.0346956000    0.0416675200
   0.0000298000   -0.0000556200   -0.0000258700
  -0.0000210500   -0.0000752600   -0.0000096200
  -0.0003459400    0.0002168700    0.0005764800
   0.0002811000    0.0003082600    0.0005853900
   0.0000015800    0.0000096700    0.0000036700
  -0.0000311800   -0.0000409700   -0.0000154900
  -0.0000024900    0.0000168000   -0.0000029000
   0.0000214900   -0.0000486000    0.0000029000
   0.0018970200    0.0005891300    0.0003200600
   0.0000280400   -0.0000161900   -0.0002965900
   0.0000092200   -0.0000027700    0.0000079500
   0.0000827200   -0.0000477600   -0.0002804600
   0.0004383200   -0.0019374400    0.0003200500
  -0.0000102700   -0.0000095500    0.0000113600
   0.0000031500    0.0000136700    0.0000113600
   0.0000070000   -0.0000065900    0.0000079200
  -0.0000045500    0.0000026300    0.0000099100
   0.0026191500   -0.0015120400   -0.1308384700
  -0.0000068300   -0.0000612700   -0.0002082600
  -0.0000387800   -0.0000842100   -0.0002086700
   0.0000534900    0.0000756900   -0.0002086600
  -0.0000620100    0.0000475700   -0.0002225900
  -0.0000017400    0.0000010100    0.0000071800
   0.0000496200    0.0000365200   -0.0002082400
   0.0000014500   -0.0000008300    0.0000072500
  -0.0000722100    0.0000299100   -0.0002225600
   0.0012690900    0.0010767200    0.0001918900
  -0.0015370900    0.0014477700    0.0005343900
   0.0000003300   -0.0000055000    0.0000109600
   0.0000138100   -0.0000083500    0.0000064700
   0.0000185800   -0.0000229400   -0.0002977000
  -0.0000174100   -0.0000024400    0.0000114600
   0.0000366500    0.0000707200   -0.0002952100
  -0.0000016500    0.0000026600    0.0000113300
   0.0000001800    0.0000066300    0.0000063400
   0.0005787500   -0.0009736200   -0.0027986700
   0.0000000900   -0.0000032800   -0.0000285300
  -0.0000003900   -0.0000019000    0.0000461300
  -0.0006125300    0.0008851500   -0.0031077400
  -0.0001253300   -0.0000663700    0.0000444200
   0.0000015300   -0.0000093700   -0.0000340200
   0.0000150600    0.0000117600    0.0000049300
  -0.0000016700    0.0000027000   -0.0000345000
  -0.0000020600    0.0000116900   -0.0000280100
  -0.0020223500    0.0006072800    0.0005343800
  -0.0000031200    0.0000001100    0.0000113300
   0.0000291600   -0.0000045900   -0.0002976900
  -0.0002979300   -0.0016374300    0.0001918700
  -0.0000429200   -0.0000671000   -0.0002951900
   0.0000141500   -0.0000077700    0.0000064600
   0.0000049200    0.0000024400    0.0000109500
  -0.0000056500   -0.0000034800    0.0000063500
  -0.0000066000    0.0000162800    0.0000114400
  -0.0010728200    0.0000878500   -0.0031077600
   0.0011325600   -0.0000144300   -0.0027986900
  -0.0000026700   -0.0000189600    0.0000049300
   0.0000089000    0.0000033700   -0.0000340200
   0.0000014600    0.0000013000    0.0000461400
  -0.0000111600   -0.0000040800   -0.0000280200
  -0.0000051900    0.0001417200    0.0000444400
   0.0000028900    0.0000015700   -0.0000285100
  -0.0000031900    0.0000000900   -0.0000344900
   0.0002048500   -0.0001182600    0.0145800600
   0.0000219200   -0.0000094100    0.0000025000
  -0.0000036400   -0.0000163000    0.0000026900
   0.0000122700    0.0000113200    0.0000026700
  -0.0000139900    0.0000086100    0.0000187200
  -0.0000015200    0.0000008900   -0.0000015900
   0.0000191200   -0.0000143000    0.0000024800
   0.0000008200   -0.0000004700   -0.0000016000
  -0.0000144500    0.0000078000    0.0000187000
  -0.0004466800   -0.0010149600   -0.0028561000
   0.0000092500   -0.0000053400    0.0000259700
   0.0000031500   -0.0000043600   -0.0000270600
   0.0000737000   -0.0000425500    0.0000410800
   0.0006556400    0.0008943100   -0.0028560900
  -0.0000130200   -0.0000048700   -0.0000265100
  -0.0000022700    0.0000137000   -0.0000265000
   0.0000053400   -0.0000005400   -0.0000270400
  -0.0000148300    0.0000085700    0.0000048600

46   
  0.0000000000000000   0.0000000000000000  -0.0100000000000000
  -0.0282231700    0.0162946600   -0.0420752200
  -0.0002913600   -0.0001503900   -0.0005435700
   0.0000274100   -0.0000430000   -0.0000164600
   0.0000509300   -0.0000022400   -0.0000164700
  -0.0000031900   -0.0000873200    0.0000080100
  -0.0000172500    0.0000099600   -0.0000061700
  -0.0000154100    0.0003274900   -0.0005435800
  -0.0000110000    0.0000063600   -0.0000020500
   0.0000740100    0.0000464200    0.0000080100
  -0.0007927600   -0.0005685400   -0.0020912100
   0.0010445400   -0.0006030600   -0.0023982000
   0.0000013600    0.0000075000   -0.0000036900
  -0.0000375800    0.0000217100   -0.0000654000
   0.0000959800    0.0009708000   -0.0020912100
   0.0000255000    0.0000106100   -0.0000427900
   0.0000035900   -0.0000273900   -0.0000427900
  -0.0000058300   -0.0000049100   -0.0000036900
   0.0000085900   -0.0000049500   -0.0000085400
   0.0003298400   -0.0001982300   -0.0005840300
   0.0309608300    0.0181536500   -0.0425534200
  -0.0000209200   -0.0000475900    0.0000132400
   0.0000082500    0.0000065300   -0.0000040300
  -0.0000576900   -0.0000574000    0.0000096400
  -0.0000534600   -0.0000070000   -0.0000051400
   0.0001038100    0.0003708700   -0.0005914800
  -0.0000665800   -0.0000037400    0.0000260100
   0.0000157200    0.0000060400    0.0000027800
  -0.0002410800   -0.0358896900   -0.0425534200
  -0.0000300600    0.0000595300    0.0000260200
   0.0000208600    0.0000786600    0.0000096400
   0.0003366000   -0.0001865600   -0.0005840200
  -0.0002693100   -0.0002753500   -0.0005914800
  -0.0000015000   -0.0000104000   -0.0000040200
   0.0000307600    0.0000419200    0.0000132300
   0.0000026400   -0.0000166300    0.0000027700
  -0.0000206700    0.0000497900   -0.0000051500
  -0.0018795800   -0.0005863300   -0.0003202900
  -0.0000220700    0.0000127400    0.0002944600
  -0.0000091400    0.0000026400   -0.0000077600
  -0.0000846200    0.0000488500    0.0002829000
  -0.0004320000    0.0019209300   -0.0003202900
   0.0000106800    0.0000097800   -0.0000109000
  -0.0000031200   -0.0000141500   -0.0000108900
  -0.0000068700    0.0000066000   -0.0000077900
   0.0000044500   -0.0000025600   -0.0000095700
  -0.0027293800    0.0015756900    0.1336163600
   0.0000027000    0.0000611800    0.0002128300
   0.0000434600    0.0000844500    0.0002124000
  -0.0000513900   -0.0000798500    0.0002124200
   0.0000600700   -0.0000513800    0.0002265500
   0.0000017800   -0.0000010200   -0.0000066400
  -0.0000516100   -0.0000329200    0.0002128300
  -0.0000014600    0.0000008500   -0.0000065600
   0.0000745200   -0.0000263300    0.0002265600
  -0.0012592000   -0.0010629400   -0.0001908900
   0.0015270300   -0.0014309600   -0.0005342700
  -0.0000003500    0.0000054400   -0.0000105700
  -0.0000143500    0.0000086400   -0.0000060700
  -0.0000186900    0.0000299800    0.0002953300
   0.0000178200    0.0000026700   -0.0000111100
  -0.0000368200   -0.0000713900    0.0002978200
   0.0000017300   -0.0000025900   -0.0000112600
  -0.0000003000   -0.0000065400   -0.0000061600
  -0.0006067700    0.0010003700    0.0028228900
  -0.0000006100    0.0000032400    0.0000286900
   0.0000020200    0.0000029900   -0.0000420300
   0.0006209800   -0.0009085300    0.0031411800
   0.0001206800    0.0000649800   -0.0000438000
  -0.0000012400    0.0000096900    0.0000353000
  -0.0000153400   -0.0000118500   -0.0000040000
   0.0000013800   -0.0000031300    0.0000348100
   0.0000024000   -0.0000115100    0.0000292300
   0.0020027700   -0.0006069700   -0.0005342800
   0.0000031100   -0.0000002100   -0.0000112500
  -0.0000353100    0.0000012000    0.0002953400
   0.0002909400    0.0016219700   -0.0001909100
   0.0000434000    0.0000675800    0.0002978200
  -0.0000146500    0.0000081000   -0.0000060500
  -0.0000048900   -0.0000024000   -0.0000106000
   0.0000055300    0.0000035400   -0.0000061700
   0.0000065900   -0.0000167700   -0.0000111200
   0.0010973000   -0.0000835000    0.0031411600
  -0.0011697400    0.0000253100    0.0028228800
   0.0000026100    0.0000192500   -0.0000040200
  -0.0000090300   -0.0000037800    0.0000353300
  -0.0000015800   -0.0000032400   -0.0000420300
   0.0000111600    0.0000036800    0.0000292200
   0.0000040600   -0.0001370100   -0.0000438000
  -0.0000031200   -0.0000010900    0.0000287000
   0.0000033900    0.0000003700    0.0000348000
  -0.0002102000    0.0001213700   -0.0148898500
  -0.0000216200    0.0000091500   -0.0000042100
   0.0000036600    0.0000157100   -0.0000039900
  -0.0000117700   -0.0000110100   -0.0000040200
   0.0000138100   -0.0000078500   -0.0000205200
   0.0000015500   -0.0000008900    0.0000018400
  -0.0000187400    0.0000141400   -0.0000042100
  -0.0000008000    0.0000004700    0.0000018400
   0.0000136900   -0.0000080300   -0.0000205400
   0.0004719300    0.0010410500    0.0028809500
  -0.0000102300    0.0000059100   -0.0000218000
  -0.0000025600    0.0000043800    0.0000271700
  -0.0000695400    0.0000401400   -0.0000407700
  -0.0006656100   -0.0009292400    0.0028809500
   0.0000127700    0.0000050000    0.0000276200
   0.0000020700   -0.0000135600    0.0000276200
  -0.0000051000    0.0000000300    0.0000271900
   0.0000150400   -0.0000086800   -0.0000040500
