108  
12   

1    
  0.0070528075154896   0.0000000000000000   0.0070892810742312
  -0.1389966300    0.0006775300   -0.1698761600
   0.0010327700    0.0000418400    0.0002196600
   0.0010176700   -0.0000443900    0.0002102500
  -0.0000764100   -0.0005552400    0.0002955400
  -0.0000951700    0.0006034300    0.0002173300
   0.0000702400    0.0000041900   -0.0000433300
  -0.0000752400   -0.0006138200    0.0002997500
   0.0000703600    0.0000040500   -0.0000433400
  -0.0000967700    0.0006863600    0.0002126100
   0.0020888600   -0.0068345400   -0.0030973400
   0.0005702800   -0.0003759400   -0.0000426400
   0.0001115800    0.0000076100   -0.0000206800
   0.0000109700   -0.0001342200   -0.0000648800
  -0.0000085900    0.0000761000   -0.0000202500
  -0.0000076700    0.0000252900   -0.0000208600
   0.0021572300    0.0067438100   -0.0030650000
   0.0001115200   -0.0000435900   -0.0000202900
   0.0005726800   -0.0003671100   -0.0000507200
   0.0019637300    0.0063374100   -0.0036417800
   0.0025396800   -0.0063961200   -0.0035544800
   0.0001604300    0.0000041200   -0.0000332500
  -0.0000069600   -0.0000654400   -0.0000051600
   0.0012706200    0.0000804600    0.0001167600
  -0.0000233000    0.0000566600   -0.0000095900
   0.0010644600   -0.0000222800    0.0000482700
   0.0000403100    0.0000008100    0.0000042000
   0.0000400900    0.0000063400    0.0000094900
   0.0002449900    0.0003550000    0.0000403400
   0.0024914500    0.0067412500   -0.0035201000
   0.0000167500   -0.0000390800   -0.0000090100
  -0.0000168800    0.0000056300   -0.0000048400
   0.0000197700   -0.0000176500    0.0000038100
   0.0000195900    0.0000728000   -0.0000334400
   0.0017164800   -0.0066488600   -0.0035808900
   0.0003905000    0.0005435000    0.0001174900
   0.0000510500    0.0000326500    0.0000091800
   0.0437320000    0.0204001700    0.0479100000
   0.0001622900    0.0005869300    0.0006093800
  -0.0000079400   -0.0000048600   -0.0000019200
  -0.0000641000   -0.0000298400   -0.0000637000
   0.0002475900   -0.0003977700    0.0004453500
  -0.0000192000    0.0000019600    0.0000105300
  -0.0000086000    0.0001251600   -0.0000119300
   0.0000041300    0.0000248300    0.0000170800
   0.0000132400    0.0000028200   -0.0000263900
   0.0083104400    0.0225964900    0.0294444500
  -0.0000351600   -0.0001160300   -0.0000492000
  -0.0001825400    0.0001168700    0.0000390600
  -0.0000090200    0.0000208600   -0.0000193300
   0.0000027300   -0.0000353700    0.0000292400
  -0.0000219300    0.0000173500   -0.0000002100
   0.0000952000   -0.0006687600    0.0002150800
  -0.0000523500    0.0000115800    0.0000064600
   0.0002416900    0.0001333700    0.0005385700
   0.0013968100   -0.0022724700    0.0018490600
  -0.0002729900    0.0012658300    0.0010184000
  -0.0000537600    0.0000252500    0.0000054100
  -0.0000308400    0.0000125400    0.0000041100
  -0.0000251600    0.0000320000    0.0000236900
   0.0000004300   -0.0000306600    0.0000107300
  -0.0025219700    0.0009213600    0.0013762100
  -0.0000318100   -0.0000001300    0.0000185600
  -0.0000770800   -0.0000346200    0.0000681300
   0.0458744800   -0.0221063500    0.0494331100
  -0.0000080400    0.0000075200   -0.0000077800
   0.0001828100   -0.0004171000    0.0006139700
   0.0002665500    0.0004676100    0.0003998300
  -0.0000694900    0.0000014800   -0.0000658900
  -0.0000304600    0.0000059000    0.0000114900
   0.0000148900   -0.0000158900   -0.0000339200
   0.0000033600   -0.0000345500    0.0000135200
   0.0000024100   -0.0000996600   -0.0000181800
   0.0067461300    0.0011005400    0.0095123300
  -0.0000022400    0.0000027700    0.0000391800
   0.0004138100   -0.0008963600    0.0001613000
   0.0007496700    0.0001808800    0.0004097300
  -0.0001586700   -0.0001574600    0.0000600600
  -0.0000651300    0.0000243000   -0.0000076000
   0.0000347500   -0.0000081700    0.0000382800
  -0.0000185700   -0.0000204400   -0.0000048000
   0.0001077900    0.0000472400   -0.0000113900
  -0.0002828900   -0.0009985800    0.0010294300
   0.0014277200    0.0022345200    0.0022301300
  -0.0000529100   -0.0000199600    0.0000106300
   0.0000036600    0.0000327000    0.0000185100
  -0.0000249000   -0.0000302100    0.0000339600
  -0.0000383700   -0.0000070300    0.0000054600
  -0.0022476300   -0.0012036700    0.0015009500
  -0.0000869500    0.0000314300    0.0000388200
  -0.0000460500   -0.0000171900    0.0000302700
   0.0088407200   -0.0218330300    0.0286109200
  -0.0002183200   -0.0001127100    0.0000442900
  -0.0000053300    0.0001340700   -0.0000667500
   0.0000085300    0.0000346500    0.0000229700
   0.0000013300   -0.0000282500    0.0000026600
  -0.0000233900   -0.0000223600    0.0000039500
   0.0000712000   -0.0000991600    0.0005995400
  -0.0000509600   -0.0000145200    0.0000023700
  -0.0000501700    0.0005848200    0.0002245300
   0.0064930100   -0.0010874900    0.0099970600
   0.0004833900    0.0008026800    0.0001994700
  -0.0000003200    0.0000026300    0.0000207400
  -0.0001186500    0.0001090700    0.0000306400
   0.0006034100   -0.0002345000    0.0003464100
  -0.0000575000   -0.0000202200   -0.0000095900
   0.0000874200    0.0000067500   -0.0000224600
  -0.0000152500    0.0000138200   -0.0000080500
   0.0000225900    0.0000059900    0.0000463700

1    
 -0.0070528075154896   0.0000000000000000  -0.0070892810742312
   0.1390421700    0.0001094900    0.1699100300
  -0.0010174100   -0.0000393600   -0.0002102200
  -0.0010325100    0.0000477100   -0.0002196400
   0.0000770500    0.0005592000   -0.0002985300
   0.0000941800   -0.0005982000   -0.0002126000
  -0.0000706500   -0.0000043300    0.0000433400
   0.0000782500    0.0006108100   -0.0002942600
  -0.0000704700   -0.0000044900    0.0000433200
   0.0000925800   -0.0006885300   -0.0002172600
  -0.0021535700    0.0069075500    0.0029718500
  -0.0005764000    0.0003673100    0.0000582100
  -0.0001112900   -0.0000056800    0.0000202800
  -0.0000124000    0.0001343000    0.0000652500
   0.0000078900   -0.0000754000    0.0000207300
   0.0000087600   -0.0000260600    0.0000201100
  -0.0020874500   -0.0068480900    0.0030045100
  -0.0001113000    0.0000433000    0.0000206900
  -0.0005739200    0.0003762000    0.0000502400
  -0.0022299700   -0.0064230000    0.0035861300
  -0.0022577900    0.0063237500    0.0036121100
  -0.0001605800   -0.0000033800    0.0000332600
   0.0000054200    0.0000661300    0.0000057500
  -0.0012708900   -0.0000810200   -0.0001156600
   0.0000243200   -0.0000555100    0.0000089900
  -0.0010637300    0.0000358700   -0.0000465600
  -0.0000404100   -0.0000007700   -0.0000040100
  -0.0000404200   -0.0000063400   -0.0000096900
  -0.0002408700   -0.0003633800   -0.0000545600
  -0.0024302000   -0.0066714500    0.0036469400
  -0.0000175900    0.0000404600    0.0000095500
   0.0000151700   -0.0000061000    0.0000060600
  -0.0000189400    0.0000179000   -0.0000043900
  -0.0000184500   -0.0000726200    0.0000330900
  -0.0017796800    0.0065557400    0.0036477300
  -0.0003944200   -0.0005327400   -0.0001149600
  -0.0000512800   -0.0000329200   -0.0000100200
  -0.0454422400   -0.0214027400   -0.0496641300
  -0.0001833400   -0.0005759500   -0.0006168900
   0.0000080400    0.0000033200    0.0000011600
   0.0000636700    0.0000318800    0.0000652200
  -0.0002616000    0.0003769400   -0.0004543800
   0.0000193400   -0.0000016500   -0.0000106400
   0.0000064700   -0.0001251200    0.0000121500
  -0.0000044100   -0.0000249400   -0.0000168400
  -0.0000131900   -0.0000019000    0.0000267100
  -0.0083366500   -0.0219764800   -0.0289272800
   0.0000387100    0.0001138800    0.0000488000
   0.0001854900   -0.0001155800   -0.0000373500
   0.0000081800   -0.0000222400    0.0000177800
  -0.0000039700    0.0000355000   -0.0000280700
   0.0000218400   -0.0000172300    0.0000000900
  -0.0000867500    0.0006821500   -0.0001928000
   0.0000518000   -0.0000114500   -0.0000065000
  -0.0002288800   -0.0001267000   -0.0005507700
  -0.0014278500    0.0022897600   -0.0018618900
   0.0002368400   -0.0012600700   -0.0010258400
   0.0000539600   -0.0000257600   -0.0000054200
   0.0000311500   -0.0000124800   -0.0000043300
   0.0000240000   -0.0000295900   -0.0000265800
  -0.0000006000    0.0000309200   -0.0000107700
   0.0024967600   -0.0009135900   -0.0013833700
   0.0000338100   -0.0000017900   -0.0000204900
   0.0000766200    0.0000346900   -0.0000693600
  -0.0441755400    0.0210890700   -0.0476736600
   0.0000073300   -0.0000089200    0.0000082600
  -0.0001622400    0.0004287800   -0.0006078600
  -0.0002526900   -0.0004854000   -0.0003912400
   0.0000702700    0.0000008700    0.0000640200
   0.0000298400   -0.0000055700   -0.0000114500
  -0.0000156200    0.0000166500    0.0000329700
  -0.0000036100    0.0000344300   -0.0000138500
  -0.0000006700    0.0000988500    0.0000175700
  -0.0068283200   -0.0010531300   -0.0095538200
   0.0000016600   -0.0000019700   -0.0000379200
  -0.0004246500    0.0008842800   -0.0001769800
  -0.0007481500   -0.0001758100   -0.0003939600
   0.0001579400    0.0001549700   -0.0000626000
   0.0000652600   -0.0000245500    0.0000075900
  -0.0000354000    0.0000088100   -0.0000386500
   0.0000185200    0.0000205600    0.0000048200
  -0.0001085400   -0.0000478200    0.0000101900
   0.0003157400    0.0010056000   -0.0010198000
  -0.0013943800   -0.0022147400   -0.0022168500
   0.0000522600    0.0000194600   -0.0000108000
  -0.0000039900   -0.0000325300   -0.0000186700
   0.0000254600    0.0000325000   -0.0000313300
   0.0000376300    0.0000071300   -0.0000053200
   0.0022679900    0.0012035600   -0.0014991900
   0.0000868700   -0.0000313300   -0.0000377000
   0.0000437800    0.0000152400   -0.0000284700
  -0.0088246800    0.0224714500   -0.0291627800
   0.0002150800    0.0001137800   -0.0000464700
   0.0000017500   -0.0001362000    0.0000669700
  -0.0000075800   -0.0000349900   -0.0000241700
  -0.0000009700    0.0000268500   -0.0000011100
   0.0000230600    0.0000224700   -0.0000040800
  -0.0000838500    0.0001064600   -0.0005873500
   0.0000510000    0.0000146100   -0.0000024200
   0.0000419100   -0.0005700000   -0.0002464500
  -0.0064279600    0.0011317100   -0.0099660600
  -0.0004713600   -0.0008150300   -0.0001848300
   0.0000004600   -0.0000018900   -0.0000218200
   0.0001186600   -0.0001116600   -0.0000286800
  -0.0006044200    0.0002401400   -0.0003645500
   0.0000569300    0.0000199900    0.0000094800
  -0.0000875300   -0.0000075900    0.0000232200
   0.0000147800   -0.0000136900    0.0000079300
  -0.0000224600   -0.0000055500   -0.0000462200

19   
  0.0070528075154896   0.0000000000000000   0.0070892810742312
   0.0022409000   -0.0068476300   -0.0035880800
   0.0001602000   -0.0000088300   -0.0000334900
   0.0022452800    0.0067056600   -0.0036097000
   0.0010639700   -0.0001131500    0.0000469700
   0.0000409100    0.0000390700    0.0000093500
   0.0000397300   -0.0000297700    0.0000041800
  -0.0000061700   -0.0000001200   -0.0000056800
  -0.0000240500   -0.0000163900   -0.0000092700
   0.0012703500    0.0000377000    0.0001151900
   0.0017769100    0.0066198100   -0.0035607900
   0.0000507200    0.0000010900    0.0000098100
   0.0003949400    0.0005835300    0.0001086500
  -0.0000160900   -0.0000595500   -0.0000057900
   0.0000194700    0.0000855100   -0.0000336000
   0.0000187500    0.0000128100    0.0000044300
   0.0002418300    0.0004497100    0.0000485400
   0.0000168900    0.0000323200   -0.0000095100
   0.0024245200   -0.0064564800   -0.0035545700
  -0.1429686600    0.0001372900   -0.1706541400
   0.0007534400    0.0001792900    0.0004421800
   0.0007391100   -0.0001472400    0.0004331000
  -0.0000102200   -0.0003157200    0.0003457700
   0.0000043600    0.0002821000    0.0004398600
   0.0000243000   -0.0000020500   -0.0000477700
  -0.0000088800   -0.0006892700    0.0003508600
   0.0000242100   -0.0000022300   -0.0000477700
   0.0000034300    0.0006046400    0.0004353400
   0.0020263300   -0.0064361200   -0.0044757300
   0.0001459900   -0.0005546500    0.0001838200
   0.0000042100    0.0000259400    0.0000202000
   0.0000281500   -0.0000528700   -0.0000014600
   0.0000091800    0.0000220700    0.0000208800
   0.0000102600   -0.0000398900    0.0000199100
   0.0020898200    0.0060916400   -0.0044538500
   0.0000036500   -0.0000366300    0.0000208900
   0.0001495800   -0.0005456600    0.0001751300
   0.0067867000    0.0006966900    0.0083941500
   0.0000379700   -0.0000244900   -0.0000028400
   0.0007717400   -0.0007702800    0.0001787800
   0.0005887800    0.0001658500    0.0003340900
  -0.0001292900   -0.0000994400    0.0000069700
  -0.0000396800    0.0000154000   -0.0000152900
   0.0000262300   -0.0000281700    0.0000410300
  -0.0000129600   -0.0000057900   -0.0000036100
   0.0000763600    0.0000849900    0.0000110400
   0.0017166600    0.0024288500    0.0017604200
  -0.0000390100   -0.0000250400    0.0000056900
  -0.0005292100   -0.0013459200    0.0009007200
  -0.0000139400   -0.0000213600    0.0000340700
  -0.0000367700   -0.0000010200   -0.0000015200
  -0.0000018600    0.0000238000    0.0000076900
  -0.0000613300    0.0000342700    0.0000599700
  -0.0000092200    0.0000058300    0.0000022300
  -0.0026713700   -0.0010750500    0.0014479400
   0.0077521100   -0.0230016700    0.0295538300
  -0.0001568200   -0.0000919500   -0.0000135500
   0.0000757300    0.0000911000   -0.0000359000
   0.0000021600   -0.0000057100    0.0000246400
  -0.0000170500    0.0000032200   -0.0000385400
  -0.0000119700   -0.0000156700   -0.0000044200
  -0.0000001200   -0.0001746600    0.0005970800
  -0.0000260300   -0.0000138100    0.0000042000
   0.0001741100    0.0008638200    0.0002060600
   0.0007156300    0.0008355400    0.0001822500
   0.0000463200    0.0000236500    0.0000110000
   0.0071258900   -0.0006420000    0.0079424500
   0.0007456800   -0.0000880400    0.0003530600
  -0.0000422400   -0.0000171300   -0.0000117600
  -0.0001690000    0.0001238200    0.0000444600
  -0.0000156900    0.0000121800   -0.0000012800
   0.0000398000    0.0000367900    0.0000303400
   0.0000912300   -0.0001441900    0.0000294300
  -0.0000153700    0.0005298600    0.0006474900
   0.0000614200    0.0000050800   -0.0000231000
   0.0469837200    0.0223362100    0.0497919100
   0.0001075700   -0.0005596100    0.0004614100
  -0.0000111400    0.0000008400    0.0000083700
  -0.0000259100   -0.0001169200   -0.0000761900
   0.0000134700    0.0000288700    0.0000070000
   0.0000321400    0.0000589000   -0.0000414100
  -0.0000484900    0.0001020700   -0.0000619000
   0.0083388000    0.0234848100    0.0297130400
   0.0001077700   -0.0001185400   -0.0000502700
  -0.0001747700    0.0000888500   -0.0000086500
  -0.0000084500   -0.0000008400   -0.0000219200
   0.0000048300    0.0000093700    0.0000182200
  -0.0000132000    0.0000240200   -0.0000020300
   0.0000566100   -0.0007383000    0.0002871500
  -0.0000251800    0.0000172500    0.0000019300
  -0.0001401300    0.0001348100    0.0006351100
  -0.0006140700    0.0010951600    0.0008586400
  -0.0000379500    0.0000227500    0.0000046400
   0.0017174500   -0.0023290500    0.0021298100
  -0.0000208800    0.0000227700    0.0000352300
   0.0000052200   -0.0000242600    0.0000120300
  -0.0000468700   -0.0000024000   -0.0000039800
  -0.0000250600    0.0000057000    0.0000088600
  -0.0000683100   -0.0000277700    0.0000332800
  -0.0024091900    0.0013941700    0.0015850200
   0.0483396000   -0.0225892800    0.0518158200
   0.0000541300   -0.0000086300   -0.0000180100
  -0.0000037000   -0.0006773100    0.0006744000
   0.0001271900    0.0004764600    0.0005471500
  -0.0000196300    0.0001423300   -0.0000714000
  -0.0000063200   -0.0000053400    0.0000088800
   0.0000259000   -0.0000395100   -0.0000378300
   0.0000144000   -0.0000204400    0.0000096400
  -0.0000524400   -0.0001324200   -0.0000571300

19   
 -0.0070528075154896   0.0000000000000000  -0.0070892810742312
  -0.0019526100    0.0067614700    0.0036399000
  -0.0001602800    0.0000090200    0.0000334500
  -0.0025519900   -0.0067766900    0.0035568200
  -0.0010639600    0.0001168400   -0.0000476200
  -0.0000395300   -0.0000391500   -0.0000097200
  -0.0000409700    0.0000299700   -0.0000039000
   0.0000063200   -0.0000005200    0.0000053700
   0.0000237000    0.0000157400    0.0000094500
  -0.0012712100   -0.0000240300   -0.0001171400
  -0.0017168400   -0.0065413700    0.0036676000
  -0.0000515600    0.0000009300   -0.0000092700
  -0.0003899700   -0.0005924700   -0.0001237400
   0.0000161500    0.0000605900    0.0000052500
  -0.0000183100   -0.0000853800    0.0000332800
  -0.0000199200   -0.0000131100   -0.0000036500
  -0.0002438000   -0.0004407500   -0.0000460700
  -0.0000173100   -0.0000326100    0.0000092000
  -0.0024992200    0.0063289700    0.0036126600
   0.1429471600    0.0007775900    0.1706335500
  -0.0007395100   -0.0001773800   -0.0004331500
  -0.0007538400    0.0001480700   -0.0004422200
   0.0000131000    0.0003215500   -0.0003517900
  -0.0000070600   -0.0002777200   -0.0004355800
  -0.0000242100    0.0000020400    0.0000477500
   0.0000144700    0.0006875600   -0.0003466700
  -0.0000242300    0.0000018700    0.0000477800
  -0.0000079700   -0.0006070400   -0.0004400500
  -0.0020852200    0.0065072500    0.0043673200
  -0.0001487800    0.0005464200   -0.0001705900
  -0.0000031100   -0.0000244600   -0.0000209500
  -0.0000294100    0.0000531200    0.0000016500
  -0.0000099300   -0.0000215500   -0.0000202700
  -0.0000088900    0.0000398600   -0.0000212500
  -0.0020240400   -0.0062056700    0.0043892400
  -0.0000036700    0.0000363900   -0.0000202500
  -0.0001450800    0.0005554900   -0.0001791600
  -0.0068974500   -0.0006163100   -0.0083944700
  -0.0000382600    0.0000249000    0.0000033900
  -0.0007861400    0.0007592200   -0.0001922600
  -0.0005881100   -0.0001607500   -0.0003172600
   0.0001287700    0.0000966500   -0.0000081200
   0.0000400800   -0.0000156200    0.0000154300
  -0.0000261900    0.0000284800   -0.0000413100
   0.0000131700    0.0000058400    0.0000037300
  -0.0000765500   -0.0000859600   -0.0000116400
  -0.0016878400   -0.0024088700   -0.0017520800
   0.0000386500    0.0000244100   -0.0000057700
   0.0005684600    0.0013509800   -0.0008900400
   0.0000149000    0.0000234500   -0.0000320500
   0.0000361600    0.0000011200    0.0000017300
   0.0000019700   -0.0000235300   -0.0000078200
   0.0000612900   -0.0000338700   -0.0000591600
   0.0000070000   -0.0000078200   -0.0000005700
   0.0026938600    0.0010840600   -0.0014416500
  -0.0076937300    0.0236305900   -0.0300568200
   0.0001541700    0.0000931300    0.0000122500
  -0.0000791600   -0.0000924200    0.0000361000
  -0.0000015400    0.0000060400   -0.0000255500
   0.0000175300   -0.0000044100    0.0000393900
   0.0000118900    0.0000156900    0.0000045400
  -0.0000134800    0.0001799700   -0.0005869000
   0.0000263400    0.0000138900   -0.0000041300
  -0.0001823600   -0.0008529600   -0.0002259000
  -0.0007023100   -0.0008464400   -0.0001673300
  -0.0000460500   -0.0000232200   -0.0000117900
  -0.0069965900    0.0007277000   -0.0079369600
  -0.0007474000    0.0000925000   -0.0003679000
   0.0000418300    0.0000168900    0.0000116500
   0.0001696600   -0.0001263500   -0.0000428800
   0.0000155900   -0.0000121300    0.0000011900
  -0.0000397900   -0.0000364000   -0.0000299700
  -0.0000906800    0.0001434200   -0.0000284700
  -0.0000022300   -0.0005180700   -0.0006538900
  -0.0000611300   -0.0000061700    0.0000231800
  -0.0488198100   -0.0234501100   -0.0517043500
  -0.0001207200    0.0005428300   -0.0004686300
   0.0000115100   -0.0000006100   -0.0000084500
   0.0000245300    0.0001193500    0.0000780200
  -0.0000133800   -0.0000290000   -0.0000067100
  -0.0000316900   -0.0000582300    0.0000423800
   0.0000467100   -0.0001032600    0.0000628600
  -0.0083853500   -0.0228334300   -0.0291738300
  -0.0001047500    0.0001171400    0.0000501900
   0.0001772200   -0.0000877700    0.0000104100
   0.0000081100   -0.0000004700    0.0000210500
  -0.0000055700   -0.0000094200   -0.0000172900
   0.0000132700   -0.0000240100    0.0000020600
  -0.0000481600    0.0007501900   -0.0002668700
   0.0000249400   -0.0000171800   -0.0000019800
   0.0001532200   -0.0001288000   -0.0006458800
   0.0005773900   -0.0010895500   -0.0008705600
   0.0000383400   -0.0000233500   -0.0000044600
  -0.0017490300    0.0023523600   -0.0021386900
   0.0000201300   -0.0000208100   -0.0000371900
  -0.0000052800    0.0000244600   -0.0000117900
   0.0000474900    0.0000025400    0.0000038100
   0.0000270600   -0.0000076500   -0.0000105300
   0.0000684500    0.0000281800   -0.0000340000
   0.0023918500   -0.0013929100   -0.0015854200
  -0.0464933800    0.0214937700   -0.0499180000
  -0.0000542400    0.0000073900    0.0000181900
   0.0000218100    0.0006880900   -0.0006672800
  -0.0001133800   -0.0004964200   -0.0005394100
   0.0000204200   -0.0001402100    0.0000699700
   0.0000060000    0.0000056000   -0.0000087900
  -0.0000262400    0.0000404000    0.0000373000
  -0.0000143900    0.0000203200   -0.0000099300
   0.0000541300    0.0001320700    0.0000566300

37   
  0.0100000000000000   0.0000000000000000   0.0000000000000000
   0.0365609000    0.0142365100    0.0273394400
  -0.0000056800    0.0000249200   -0.0000055200
   0.0004420400   -0.0003513700   -0.0002125200
   0.0000574600   -0.0000505300   -0.0000673700
   0.0000261000   -0.0000198100   -0.0000068200
  -0.0000077700    0.0000270800    0.0000135600
  -0.0001300400    0.0002019500    0.0000389500
  -0.0000541000   -0.0000129200    0.0000266100
   0.0006035700    0.0008961300   -0.0002420600
  -0.0033823200    0.0000981800   -0.0001847100
  -0.0000869800   -0.0000366100   -0.0000234500
  -0.0000850200    0.0000277800    0.0000373900
  -0.0000191600    0.0000321600   -0.0000246600
  -0.0000265900   -0.0000239900    0.0000267500
  -0.0000356500   -0.0000063200    0.0000004500
   0.0008082700   -0.0026295700    0.0012099200
  -0.0000754800    0.0000017200   -0.0000011800
   0.0008010300    0.0024550300   -0.0011725600
   0.0380614300   -0.0155002900   -0.0281049100
   0.0005612500    0.0004082200    0.0005625400
   0.0000642300   -0.0000323400   -0.0000111600
   0.0000363900   -0.0000283200   -0.0000003100
   0.0000153600    0.0000777200    0.0000911100
   0.0000009300   -0.0000193400   -0.0000196500
   0.0005080300   -0.0009244700    0.0003353700
  -0.0000325300    0.0000143600   -0.0000238700
  -0.0001052800   -0.0001078500   -0.0000764700
   0.0000370000    0.0007239300   -0.0000304700
   0.0000263000   -0.0007284000    0.0002307100
  -0.0000363400    0.0000028300   -0.0000010200
  -0.0000044100   -0.0000247500    0.0000070900
  -0.0000176700   -0.0000014100    0.0000007800
  -0.0000086800    0.0000189500   -0.0000156000
   0.0114056100    0.0005477900   -0.0004878800
  -0.0000709600    0.0000160100    0.0001797800
  -0.0000346900   -0.0000108300   -0.0001834600
  -0.1024977100    0.0009890800    0.0016300800
   0.0000217200   -0.0000364000   -0.0000082600
   0.0000226000    0.0000200400   -0.0000370500
   0.0000159800   -0.0000630200   -0.0000587400
   0.0000109100    0.0000284300    0.0000363100
   0.0000105300   -0.0000001500    0.0000013700
   0.0000156500    0.0000033400   -0.0000518500
   0.0000104900   -0.0000004500   -0.0000016000
   0.0000108800   -0.0000286500    0.0000408000
  -0.0008026100    0.0019586900    0.0016145800
   0.0000123600   -0.0000134000    0.0000088000
   0.0001251600   -0.0000722800    0.0000125200
  -0.0000006000   -0.0000208200   -0.0000007300
  -0.0000038800    0.0000060300   -0.0000020700
   0.0000050000    0.0000215000    0.0000034600
   0.0001111300   -0.0000544400    0.0000834400
   0.0000065700    0.0000181300   -0.0000088900
  -0.0010663800    0.0001075600    0.0004724200
   0.0014877700   -0.0035769000   -0.0004349500
  -0.0001361300   -0.0000739100   -0.0000064500
   0.0000417200   -0.0000175000    0.0000016000
   0.0000173300   -0.0000196600   -0.0000149000
   0.0000038400    0.0000043900    0.0000016300
   0.0000038000    0.0000023400    0.0000043900
   0.0014788400   -0.0039246700    0.0006894600
   0.0000420800   -0.0000200000   -0.0000104300
  -0.0001341300   -0.0000728300    0.0000662700
   0.0010213300   -0.0007731500    0.0013073500
   0.0000059500   -0.0000010000    0.0000003900
   0.0011236700    0.0010831800   -0.0015732800
  -0.0000163900   -0.0000099100    0.0000369600
   0.0000054800    0.0000263200    0.0000017300
   0.0000095100   -0.0000216600   -0.0000037000
   0.0000028300    0.0000081600    0.0000104600
   0.0000058600   -0.0000171500   -0.0000140300
  -0.0000154900   -0.0000148300    0.0000180800
   0.0069668200    0.0003269800    0.0009740600
   0.0000594500    0.0000024900    0.0000029300
   0.0080918800   -0.0001411700   -0.0010202500
  -0.0000454100    0.0000106900    0.0000020800
   0.0000351400    0.0000329500    0.0000034300
   0.0000374300   -0.0000273100   -0.0000020700
   0.0000338600   -0.0000254300   -0.0000077300
   0.0000362400    0.0000209300    0.0000100500
  -0.0000276900   -0.0000106900   -0.0000046200
  -0.0009723800   -0.0023045500   -0.0018979600
   0.0001107000    0.0000712500   -0.0000461600
   0.0000056200    0.0000134700   -0.0000095700
  -0.0000019700   -0.0000015500    0.0000046000
   0.0000039600    0.0000143400   -0.0000082400
   0.0000040700   -0.0000137300   -0.0000067200
  -0.0009885800   -0.0002127200   -0.0004129600
   0.0000053300   -0.0000150200    0.0000062900
   0.0001112300    0.0000707100   -0.0000777500
   0.0009114200    0.0030705400    0.0003598100
   0.0000524300    0.0000167700    0.0000001800
  -0.0001627200    0.0000680200   -0.0000115900
   0.0000044300   -0.0000108500   -0.0000033500
   0.0000182000    0.0000205300    0.0000164100
   0.0000039400   -0.0000031500   -0.0000042100
  -0.0001126000    0.0000528300   -0.0000964300
   0.0000448900    0.0000173600    0.0000121000
   0.0014844900    0.0040325000   -0.0005488100
  -0.0023147300    0.0001318000   -0.0002415500
   0.0000395400   -0.0001410100   -0.0000138300
   0.0000403100    0.0001697200    0.0000000300
  -0.0000738500   -0.0002059700    0.0000206700
  -0.0000545800    0.0002256400   -0.0000244200
   0.0000146800   -0.0000015400   -0.0000004500
  -0.0000751400    0.0000861800    0.0000277400
   0.0000146700   -0.0000017100    0.0000014500
  -0.0000533700   -0.0000859000   -0.0000231000

37   
 -0.0100000000000000   0.0000000000000000   0.0000000000000000
  -0.0358090100   -0.0138191300   -0.0264339800
   0.0000067600   -0.0000226600    0.0000052300
  -0.0004798800    0.0003638500    0.0002171500
  -0.0000556000    0.0000518900    0.0000665600
  -0.0000244100    0.0000191900    0.0000060300
   0.0000076600   -0.0000276500   -0.0000139100
   0.0001293400   -0.0002007300   -0.0000381300
   0.0000541100    0.0000130800   -0.0000268700
  -0.0006137100   -0.0009044400    0.0002506800
   0.0033776500   -0.0000618100    0.0001701400
   0.0000861100    0.0000355400    0.0000216000
   0.0000850900   -0.0000286400   -0.0000389300
   0.0000193800   -0.0000317600    0.0000242000
   0.0000265400    0.0000243600   -0.0000273000
   0.0000354400    0.0000052800   -0.0000003800
  -0.0007698700    0.0025918200   -0.0012042500
   0.0000755300   -0.0000010200    0.0000006300
  -0.0008376100   -0.0024897900    0.0011777500
  -0.0388606800    0.0159770800    0.0291215200
  -0.0005256700   -0.0003941600   -0.0005542100
  -0.0000661000    0.0000345700    0.0000115100
  -0.0000377000    0.0000283100   -0.0000002100
  -0.0000172700   -0.0000777800   -0.0000918500
  -0.0000009000    0.0000191100    0.0000192800
  -0.0004971300    0.0009142500   -0.0003251200
   0.0000324500   -0.0000143400    0.0000236900
   0.0001063100    0.0001089500    0.0000773200
  -0.0000469100   -0.0007293400    0.0000337600
  -0.0000187300    0.0007226900   -0.0002272900
   0.0000363800   -0.0000028800    0.0000005600
   0.0000047900    0.0000238800   -0.0000068500
   0.0000176600    0.0000016800   -0.0000010600
   0.0000084900   -0.0000197500    0.0000157900
  -0.0114059000   -0.0003921000    0.0004136500
   0.0000690900   -0.0000172900   -0.0001777500
   0.0000354300    0.0000098500    0.0001858200
   0.1025723900   -0.0021603700   -0.0035253400
  -0.0000222000    0.0000354500    0.0000104000
  -0.0000213300   -0.0000207900    0.0000394400
  -0.0000159100    0.0000653600    0.0000594100
  -0.0000105000   -0.0000257100   -0.0000358100
  -0.0000104900    0.0000004400   -0.0000013600
  -0.0000162400   -0.0000018700    0.0000510900
  -0.0000105100    0.0000001500    0.0000013000
  -0.0000105500    0.0000298900   -0.0000417500
   0.0007820900   -0.0019108800   -0.0015951500
  -0.0000125000    0.0000128800   -0.0000086200
  -0.0001219800    0.0000723900   -0.0000098300
   0.0000007200    0.0000203200    0.0000005400
   0.0000037500   -0.0000059900    0.0000021800
  -0.0000050600   -0.0000207300   -0.0000033600
  -0.0001096600    0.0000530600   -0.0000785000
  -0.0000061200   -0.0000184300    0.0000087400
   0.0010766600   -0.0001052500   -0.0004841200
  -0.0014824500    0.0036084300    0.0004322200
   0.0001324900    0.0000729900    0.0000077600
  -0.0000420700    0.0000177800   -0.0000013900
  -0.0000171500    0.0000198500    0.0000149500
  -0.0000038400   -0.0000042500   -0.0000016300
  -0.0000038800   -0.0000021800   -0.0000046000
  -0.0014912100    0.0039077000   -0.0006949500
  -0.0000416800    0.0000194700    0.0000100600
   0.0001344800    0.0000740600   -0.0000676600
  -0.0010253800    0.0007867500   -0.0013013000
  -0.0000058000    0.0000010200   -0.0000002500
  -0.0011197400   -0.0010711300    0.0015811800
   0.0000162800    0.0000058300   -0.0000321900
  -0.0000055600   -0.0000256700   -0.0000018300
  -0.0000093800    0.0000222700    0.0000035000
  -0.0000030800   -0.0000077700   -0.0000105700
  -0.0000056400    0.0000176500    0.0000139500
   0.0000156100    0.0000161600   -0.0000165900
  -0.0067854500   -0.0003276800   -0.0009572900
  -0.0000592800   -0.0000032900   -0.0000031400
  -0.0082927400    0.0001383600    0.0010328800
   0.0000453000   -0.0000091100   -0.0000015100
  -0.0000349900   -0.0000321500   -0.0000032400
  -0.0000375000    0.0000279600    0.0000022200
  -0.0000338000    0.0000252400    0.0000080900
  -0.0000363400   -0.0000211000   -0.0000096800
   0.0000279700    0.0000135900    0.0000027400
   0.0009931200    0.0023570700    0.0019201000
  -0.0001139800   -0.0000714800    0.0000494700
  -0.0000053900   -0.0000139700    0.0000096000
   0.0000020900    0.0000014900   -0.0000045900
  -0.0000040600   -0.0000148100    0.0000080900
  -0.0000039800    0.0000143300    0.0000068600
   0.0009767500    0.0002137500    0.0004003800
  -0.0000056700    0.0000147700   -0.0000064000
  -0.0001133900   -0.0000720200    0.0000822000
  -0.0009178800   -0.0030392100   -0.0003570000
  -0.0000517400   -0.0000165200    0.0000000500
   0.0001677400   -0.0000687700    0.0000130700
  -0.0000043800    0.0000108800    0.0000034000
  -0.0000183700   -0.0000202600   -0.0000163400
  -0.0000038000    0.0000033100    0.0000039900
   0.0001120600   -0.0000517300    0.0000946500
  -0.0000453100   -0.0000178700   -0.0000125100
  -0.0014694300   -0.0040513000    0.0005428700
   0.0023132700   -0.0001310300    0.0001832700
  -0.0000403700    0.0001392900    0.0000141100
  -0.0000396000   -0.0001718800    0.0000003200
   0.0000750400    0.0002065700   -0.0000199200
   0.0000533800   -0.0002244600    0.0000248400
  -0.0000146300    0.0000017600    0.0000005100
   0.0000737500   -0.0000862500   -0.0000282500
  -0.0000146400    0.0000016000   -0.0000013200
   0.0000545700    0.0000859000    0.0000227700

37   
  0.0000000000000000   0.0000000000000000   0.0100000000000000
   0.0279600400    0.0161400000    0.0418539400
  -0.0000165400   -0.0000504200    0.0000148100
   0.0002804100   -0.0000979500    0.0005730100
   0.0000064600   -0.0000825200   -0.0000243200
  -0.0000519400    0.0000108800    0.0000148100
   0.0000181300    0.0000104600    0.0000062900
  -0.0000682100    0.0000468600   -0.0000243100
   0.0000142100    0.0000081900    0.0000005800
   0.0000554200    0.0002918100    0.0005730100
  -0.0000833200    0.0007096700    0.0020326300
   0.0000280300    0.0000161800    0.0000707600
  -0.0000134700    0.0000014100    0.0000421600
  -0.0000101600   -0.0000058600    0.0000163600
   0.0000037600   -0.0000065600    0.0000116500
  -0.0000055000   -0.0000123600    0.0000421600
   0.0005728800   -0.0004270800    0.0020326300
  -0.0000037900    0.0000065400    0.0000116600
  -0.0008332100   -0.0004809800    0.0022908200
  -0.0306191200    0.0179733100    0.0422219800
  -0.0003282500   -0.0001511500    0.0006075400
   0.0000110500   -0.0000525400   -0.0000142300
   0.0000561000    0.0000053100    0.0000033100
   0.0000497500   -0.0000501400   -0.0000324000
  -0.0000098700    0.0000075000    0.0000043900
  -0.0001436300    0.0003321600    0.0006156600
  -0.0000171000    0.0000078200   -0.0000047000
   0.0000569000   -0.0000023300   -0.0000447800
   0.0002158100   -0.0002905000    0.0006156600
  -0.0002950400   -0.0002086700    0.0006075300
   0.0000015500   -0.0000123000    0.0000043900
   0.0000326700    0.0000459100    0.0000033200
  -0.0000017500   -0.0000187100   -0.0000047000
  -0.0000399900    0.0000358500   -0.0000142500
   0.0002506000   -0.0355036200    0.0422220800
  -0.0000185500    0.0000681700   -0.0000324200
   0.0000264300    0.0000504300   -0.0000447800
   0.0026289300    0.0015176900   -0.1332021900
  -0.0000405000    0.0000696800   -0.0002122000
  -0.0000073700    0.0000468100   -0.0002126400
  -0.0000503700   -0.0000402600   -0.0002288900
   0.0000401200   -0.0000699200   -0.0002121900
  -0.0000014700   -0.0000008500    0.0000090600
  -0.0000600400   -0.0000234800   -0.0002288800
   0.0000013700    0.0000007800    0.0000089600
   0.0000368600   -0.0000298000   -0.0002126200
  -0.0002656600    0.0016694200    0.0002217500
   0.0000093100    0.0000109900    0.0000037900
  -0.0000303600    0.0000631200   -0.0002750400
  -0.0000058100    0.0000047500    0.0000069000
   0.0000060200   -0.0000032800    0.0000102200
  -0.0000114700   -0.0000138800    0.0000086400
   0.0000116200    0.0000107200   -0.0002653800
  -0.0000048600    0.0000001800    0.0000122800
  -0.0020105100   -0.0006385400    0.0005493800
   0.0006971000   -0.0009179300   -0.0028669900
   0.0000648200    0.0000374100    0.0000313200
  -0.0000100800    0.0000078900   -0.0000246600
  -0.0000150300   -0.0000086700    0.0000038200
   0.0000043100   -0.0000011400   -0.0000241400
   0.0000018000   -0.0000126700   -0.0000246700
  -0.0004462300    0.0010627500   -0.0028669800
   0.0000011800    0.0000043000   -0.0000241500
  -0.0000068800   -0.0000039700    0.0000292200
   0.0013127800   -0.0010649700    0.0002217400
   0.0000001700    0.0000068500    0.0000102100
  -0.0015584700   -0.0014216600    0.0005493700
   0.0000151000    0.0000046900   -0.0002653700
   0.0000141700    0.0000025800    0.0000037900
  -0.0000177500   -0.0000029900    0.0000086400
   0.0000012100   -0.0000074100    0.0000069000
  -0.0000022700   -0.0000043000    0.0000122700
   0.0000394800   -0.0000578600   -0.0002750400
  -0.0010999600   -0.0001115800   -0.0031420600
  -0.0000022500    0.0000188300    0.0000036700
   0.0011642300   -0.0000086400   -0.0028063300
   0.0000053500    0.0000173700    0.0000400500
   0.0000095100   -0.0000070300   -0.0000324800
  -0.0000123900   -0.0000007400   -0.0000253200
  -0.0000037300    0.0000020400   -0.0000319000
   0.0000038400    0.0000002400   -0.0000256700
  -0.0000007100   -0.0001278100    0.0000281200
   0.0004034100    0.0019616300    0.0003537800
   0.0000806900    0.0000465800   -0.0002658100
  -0.0000065000    0.0000132400    0.0000095200
  -0.0000045400   -0.0000026200    0.0000098000
   0.0000066900    0.0000071600    0.0000097000
   0.0000082100   -0.0000122600    0.0000095200
   0.0019004400   -0.0006317300    0.0003537800
   0.0000095600    0.0000022100    0.0000097100
   0.0000450100    0.0000259700   -0.0002637900
  -0.0006467300   -0.0008967100   -0.0031420400
  -0.0000013200    0.0000117500   -0.0000324700
  -0.0001110300    0.0000633200    0.0000281200
  -0.0000000900   -0.0000042500   -0.0000319000
   0.0000151900   -0.0000113700    0.0000036800
  -0.0000068400   -0.0000103500   -0.0000253100
   0.0000177200   -0.0000040600    0.0000400600
   0.0000021300    0.0000032100   -0.0000256800
   0.0005747800    0.0010124700   -0.0028063000
   0.0002150000    0.0001241800    0.0152195800
   0.0000002000    0.0000260400   -0.0000056900
   0.0000137600    0.0000201400   -0.0000054900
  -0.0000278500   -0.0000068200    0.0000139600
   0.0000226500   -0.0000128500   -0.0000056900
  -0.0000013800   -0.0000008000   -0.0000030300
  -0.0000198200   -0.0000207000    0.0000139600
   0.0000004900    0.0000002800   -0.0000030000
   0.0000243100    0.0000018300   -0.0000055100

37   
  0.0000000000000000   0.0000000000000000  -0.0100000000000000
  -0.0270549000   -0.0156175200   -0.0410309800
   0.0000158400    0.0000499000   -0.0000121700
  -0.0003161300    0.0000920900   -0.0005623400
  -0.0000089600    0.0000805200    0.0000250700
   0.0000511300   -0.0000112400   -0.0000121600
  -0.0000174000   -0.0000100500   -0.0000059700
   0.0000652400   -0.0000480100    0.0000250700
  -0.0000142600   -0.0000082400   -0.0000004200
  -0.0000783400   -0.0003198200   -0.0005623300
   0.0000872700   -0.0007489100   -0.0020288100
  -0.0000278000   -0.0000160400   -0.0000668000
   0.0000130600   -0.0000015900   -0.0000384400
   0.0000099700    0.0000057500   -0.0000156700
  -0.0000036000    0.0000063800   -0.0000109700
   0.0000051800    0.0000121200   -0.0000384400
  -0.0006048700    0.0004501000   -0.0020288100
   0.0000037400   -0.0000063000   -0.0000109600
   0.0008703500    0.0005024200   -0.0022870300
   0.0295955000   -0.0173958900   -0.0413568300
   0.0003596700    0.0001464600   -0.0006002400
  -0.0000101800    0.0000522400    0.0000165300
  -0.0000553100   -0.0000062700   -0.0000010700
  -0.0000469100    0.0000489100    0.0000319500
   0.0000092800   -0.0000072000   -0.0000040400
   0.0001647300   -0.0003613800   -0.0006097100
   0.0000172200   -0.0000080400    0.0000048700
  -0.0000539300    0.0000006900    0.0000442700
  -0.0002305400    0.0003233500   -0.0006097100
   0.0003067500    0.0002382200   -0.0006002300
  -0.0000015900    0.0000116600   -0.0000040500
  -0.0000330900   -0.0000447700   -0.0000010800
   0.0000016500    0.0000189400    0.0000048700
   0.0000401400   -0.0000350000    0.0000165200
  -0.0002625000    0.0343284700   -0.0413568700
   0.0000188800   -0.0000650800    0.0000319200
  -0.0000264100   -0.0000470300    0.0000442900
  -0.0025276200   -0.0014591200    0.1304511700
   0.0000360500   -0.0000698200    0.0002086400
   0.0000113600   -0.0000472900    0.0002082200
   0.0000525700    0.0000367400    0.0002250600
  -0.0000424100    0.0000661600    0.0002086200
   0.0000014600    0.0000008500   -0.0000094700
   0.0000581100    0.0000271600    0.0002250700
  -0.0000013300   -0.0000007700   -0.0000095800
  -0.0000352800    0.0000334800    0.0002082000
   0.0002730000   -0.0016838900   -0.0002217000
  -0.0000088800   -0.0000107000   -0.0000042300
   0.0000305100   -0.0000629800    0.0002724400
   0.0000059100   -0.0000046500   -0.0000070900
  -0.0000060000    0.0000032800   -0.0000104600
   0.0000114200    0.0000134300   -0.0000090200
  -0.0000058500   -0.0000139900    0.0002674400
   0.0000048500   -0.0000003400   -0.0000123300
   0.0020296200    0.0006382200   -0.0005487500
  -0.0006872000    0.0008826800    0.0028422000
  -0.0000690100   -0.0000398400   -0.0000314900
   0.0000103200   -0.0000077700    0.0000236600
   0.0000148300    0.0000085600   -0.0000045400
  -0.0000045400    0.0000006500    0.0000241400
  -0.0000015700    0.0000128300    0.0000236400
   0.0004206800   -0.0010365500    0.0028422000
  -0.0000017200   -0.0000042600    0.0000241400
   0.0000072700    0.0000042000   -0.0000335300
  -0.0013216400    0.0010785800   -0.0002217100
  -0.0000001600   -0.0000068500   -0.0000104600
   0.0015677400    0.0014383700   -0.0005487400
  -0.0000150300    0.0000019200    0.0002674500
  -0.0000137100   -0.0000023300   -0.0000042400
   0.0000173400    0.0000031800   -0.0000090300
  -0.0000010800    0.0000074300   -0.0000070800
   0.0000021400    0.0000043600   -0.0000123400
  -0.0000392700    0.0000579200    0.0002724500
   0.0010757400    0.0001162400    0.0031084200
   0.0000023000   -0.0000185100   -0.0000045500
  -0.0011268200    0.0000197800    0.0027821700
  -0.0000052200   -0.0000185500   -0.0000445700
  -0.0000094400    0.0000066100    0.0000313200
   0.0000123700    0.0000003600    0.0000242600
   0.0000034900   -0.0000016200    0.0000317100
  -0.0000036300    0.0000002500    0.0000256500
   0.0000019100    0.0001327700   -0.0000286600
  -0.0004100600   -0.0019772600   -0.0003524800
  -0.0000792000   -0.0000457200    0.0002634400
   0.0000061400   -0.0000130100   -0.0000100000
   0.0000046600    0.0000026800   -0.0000100500
  -0.0000068200   -0.0000071100   -0.0000098200
  -0.0000081900    0.0000118200   -0.0000099900
  -0.0019172900    0.0006337800   -0.0003525000
  -0.0000095600   -0.0000023400   -0.0000098200
  -0.0000506600   -0.0000292500    0.0002654900
   0.0006386500    0.0008734100    0.0031084000
   0.0000010100   -0.0000114700    0.0000313200
   0.0001159300   -0.0000647400   -0.0000286600
   0.0000003400    0.0000038400    0.0000317200
  -0.0000148900    0.0000112500   -0.0000045600
   0.0000064900    0.0000105400    0.0000242600
  -0.0000186700    0.0000047400   -0.0000445700
  -0.0000016000   -0.0000032700    0.0000256400
  -0.0005464500   -0.0009856600    0.0027821400
  -0.0002097900   -0.0001210500   -0.0149026900
  -0.0000000800   -0.0000267400    0.0000068300
  -0.0000141500   -0.0000205800    0.0000070200
   0.0000281300    0.0000077000   -0.0000122700
  -0.0000231900    0.0000133100    0.0000068500
   0.0000014000    0.0000008100    0.0000027600
   0.0000207300    0.0000205200   -0.0000122700
  -0.0000004600   -0.0000002600    0.0000028200
  -0.0000249100   -0.0000019700    0.0000070200

46   
  0.0100000000000000   0.0000000000000000   0.0000000000000000
   0.0121650300   -0.0002856500   -0.0003283700
  -0.0001334600    0.0000847600   -0.0001280600
  -0.0001790600   -0.0001004900    0.0001261500
   0.0001143900    0.0008046600    0.0000082700
   0.0001402000   -0.0007700300    0.0001976400
  -0.0000731800   -0.0000031700   -0.0000005400
  -0.0000001900    0.0000027800   -0.0000116100
  -0.0000319100    0.0000010100    0.0000011100
   0.0000027300    0.0000009500    0.0000012800
   0.0363479500   -0.0138791100    0.0265044500
   0.0004385100    0.0003432100   -0.0001765300
  -0.0000079400   -0.0000378100   -0.0000040400
   0.0000348400    0.0000189900   -0.0000134400
   0.0000762700    0.0000574500   -0.0000749900
  -0.0000108900   -0.0000384800    0.0000158800
   0.0007205500   -0.0008995200   -0.0003500200
  -0.0000674800    0.0000169400    0.0000248400
  -0.0001615800   -0.0001717700    0.0000618700
   0.0007677600    0.0024728600    0.0016158800
   0.0008556100   -0.0023587100   -0.0016147500
  -0.0000545100    0.0000008700   -0.0000002900
  -0.0000616500    0.0000206700   -0.0000240300
  -0.0036012800   -0.0000348100   -0.0001936400
  -0.0000543600   -0.0000151100    0.0000432300
  -0.0000248400    0.0000067700    0.0000040800
  -0.0000346900    0.0000151300    0.0000320800
  -0.0000220700   -0.0000198300   -0.0000291000
   0.0004805300   -0.0003828600    0.0005004300
   0.0393637300    0.0159843800   -0.0293205600
   0.0000771500    0.0000538500   -0.0000109300
  -0.0000015000    0.0000290000   -0.0000204100
   0.0000319300   -0.0000923100    0.0000978500
   0.0000514400    0.0000351200    0.0000056600
   0.0006044800    0.0008981800    0.0004403300
  -0.0001386100    0.0000686300   -0.0001022100
  -0.0000376300   -0.0000116400   -0.0000215400
  -0.0007871300    0.0002684800   -0.0002632200
   0.0001245500   -0.0000965700   -0.0000325500
   0.0000125800    0.0000218700    0.0000092100
   0.0001121700   -0.0000811800    0.0000067000
  -0.0010820400    0.0023716000   -0.0020322600
   0.0000061400   -0.0000180100   -0.0000048100
  -0.0000007600    0.0000103600   -0.0000059300
   0.0000050700   -0.0000196500   -0.0000113000
  -0.0000038600    0.0000045400    0.0000059800
  -0.1030261800   -0.0022447600    0.0036365800
   0.0000440200   -0.0000375500   -0.0000442000
   0.0000448900    0.0000519100   -0.0000090500
   0.0000177700   -0.0000356000    0.0000834200
   0.0000226300    0.0000665300   -0.0001100600
   0.0000161900    0.0000002200    0.0000012800
   0.0000176200    0.0000412700    0.0000600200
   0.0000162200   -0.0000001300   -0.0000019000
   0.0000231200   -0.0000232000   -0.0000693000
   0.0010242600    0.0008924600    0.0013147900
   0.0011207900   -0.0011543200   -0.0015663700
   0.0000057900    0.0000004700    0.0000001500
   0.0000029800   -0.0000224400    0.0000011900
  -0.0000154500    0.0000060000    0.0000371900
   0.0000057200    0.0000188300   -0.0000021200
  -0.0000163900    0.0000196800    0.0000145500
   0.0000093600    0.0000188200   -0.0000175100
   0.0000056300   -0.0000089400    0.0000139900
   0.0008900000   -0.0039327700   -0.0005043600
   0.0000570000   -0.0000216200   -0.0000002500
  -0.0001482700   -0.0000461700   -0.0001483200
   0.0009006800   -0.0031725700    0.0004900100
  -0.0001511700   -0.0000471000   -0.0000056800
   0.0000565100   -0.0000145800    0.0000027500
   0.0000210100   -0.0000283000    0.0000165200
   0.0000043800    0.0000156300   -0.0000083700
   0.0000043100    0.0000090600   -0.0000001200
  -0.0008813800   -0.0001708100    0.0003376100
   0.0000157800   -0.0000270300   -0.0000129900
   0.0001163800    0.0000799100    0.0000416300
  -0.0008667200   -0.0018921100    0.0016810000
   0.0001153400    0.0000807400   -0.0000381200
   0.0000161600    0.0000158100    0.0000038500
  -0.0000042100   -0.0000113200   -0.0000033700
  -0.0000012300    0.0000257500    0.0000020100
  -0.0000010700   -0.0000165500    0.0000016400
   0.0067840200   -0.0003878300    0.0010790000
   0.0082942200    0.0001624500   -0.0011525500
   0.0000592800   -0.0000038300    0.0000023900
   0.0000337200   -0.0000275900    0.0000035200
  -0.0000277600   -0.0000100700    0.0000010700
   0.0000363500    0.0000229200   -0.0000038400
  -0.0000455200    0.0000149700   -0.0000044000
   0.0000375100   -0.0000226800    0.0000122100
   0.0000350600    0.0000263900   -0.0000096600
  -0.0026837000   -0.0001215800   -0.0002160100
   0.0000517300   -0.0001726100   -0.0000045500
   0.0000525000    0.0001402600   -0.0000092300
  -0.0000720800   -0.0002445600   -0.0000180400
  -0.0000976700    0.0002272600    0.0000140600
   0.0000214600    0.0000014600   -0.0000005500
  -0.0000736700    0.0000855100   -0.0000036500
   0.0000214800    0.0000011900    0.0000017900
  -0.0000959400   -0.0000856800    0.0000069300
   0.0009208100    0.0037612100    0.0006472500
  -0.0001654200    0.0000679100    0.0001144900
   0.0000518900    0.0000224300    0.0000012300
  -0.0001105100    0.0000482500   -0.0000185600
   0.0014750300    0.0037561600   -0.0005589000
   0.0000452700    0.0000160400   -0.0000019300
   0.0000044400   -0.0000082600    0.0000004000
   0.0000038500   -0.0000081500    0.0000066600
   0.0000181900    0.0000268700   -0.0000150400

46   
 -0.0100000000000000   0.0000000000000000   0.0000000000000000
  -0.0121649300    0.0004297400    0.0003898000
   0.0001328600   -0.0000852900    0.0001264800
   0.0001810200    0.0000997700   -0.0001274000
  -0.0001243600   -0.0008120000   -0.0000105000
  -0.0001281800    0.0007626800   -0.0001995100
   0.0000731800    0.0000028300    0.0000010200
   0.0000007700   -0.0000039500    0.0000114900
   0.0000318700   -0.0000005300   -0.0000007400
  -0.0000034800   -0.0000022200   -0.0000014600
  -0.0371059200    0.0143042100   -0.0274261000
  -0.0004008000   -0.0003302800    0.0001714800
   0.0000063400    0.0000399700    0.0000041000
  -0.0000363500   -0.0000193900    0.0000142000
  -0.0000788500   -0.0000554600    0.0000753700
   0.0000107500    0.0000379800   -0.0000155100
  -0.0007094400    0.0008918700    0.0003402100
   0.0000675800   -0.0000168300   -0.0000246100
   0.0001623400    0.0001727300   -0.0000628600
  -0.0008010200   -0.0025055300   -0.0016257400
  -0.0008231400    0.0023286200    0.0016046700
   0.0000544900   -0.0000004300    0.0000006900
   0.0000624000   -0.0000211700    0.0000256800
   0.0036065600    0.0000637400    0.0002042400
   0.0000542900    0.0000148600   -0.0000417600
   0.0000251100   -0.0000079500   -0.0000045300
   0.0000346600   -0.0000148200   -0.0000315400
   0.0000219600    0.0000201300    0.0000295500
  -0.0005158000    0.0003971500   -0.0005088800
  -0.0385571200   -0.0154971800    0.0282816900
  -0.0000747500   -0.0000516100    0.0000103700
   0.0000016400   -0.0000291200    0.0000207500
  -0.0000295300    0.0000928100   -0.0000974900
  -0.0000502100   -0.0000350200   -0.0000051800
  -0.0006161100   -0.0009071500   -0.0004517000
   0.0001374900   -0.0000679200    0.0001011400
   0.0000375700    0.0000116100    0.0000217100
   0.0007973800   -0.0002686900    0.0002753300
  -0.0001225200    0.0000950600    0.0000283700
  -0.0000122500   -0.0000221700   -0.0000090600
  -0.0001086700    0.0000809600   -0.0000108200
   0.0010611900   -0.0023165600    0.0020083700
  -0.0000065600    0.0000175000    0.0000049200
   0.0000005200   -0.0000097400    0.0000058400
  -0.0000049700    0.0000191900    0.0000114900
   0.0000037800   -0.0000046400   -0.0000060500
   0.1029478800    0.0010574300   -0.0016754600
  -0.0000453200    0.0000363500    0.0000418800
  -0.0000444700   -0.0000532900    0.0000069400
  -0.0000181700    0.0000380900   -0.0000842700
  -0.0000226400   -0.0000644100    0.0001091100
  -0.0000162700    0.0000001600   -0.0000012800
  -0.0000183300   -0.0000398000   -0.0000590300
  -0.0000162300   -0.0000001900    0.0000022000
  -0.0000221700    0.0000249200    0.0000700300
  -0.0010224800   -0.0008795200   -0.0013198200
  -0.0011226400    0.0011662300    0.0015600800
  -0.0000059500   -0.0000003600   -0.0000002100
  -0.0000029400    0.0000228900   -0.0000010800
   0.0000156600   -0.0000100100   -0.0000415900
  -0.0000057900   -0.0000183900    0.0000022700
   0.0000162800   -0.0000192100   -0.0000156000
  -0.0000095200   -0.0000183100    0.0000175700
  -0.0000054100    0.0000093500   -0.0000139100
  -0.0009052300    0.0039136300    0.0005137900
  -0.0000566200    0.0000210200    0.0000005500
   0.0001489100    0.0000475000    0.0001507000
  -0.0008946900    0.0032068700   -0.0004921100
   0.0001460500    0.0000465700    0.0000049600
  -0.0000571500    0.0000147700   -0.0000029500
  -0.0000208900    0.0000286400   -0.0000165500
  -0.0000043700   -0.0000155900    0.0000084500
  -0.0000044300   -0.0000089000    0.0000004000
   0.0008726000    0.0001718600   -0.0003265800
  -0.0000161700    0.0000266700    0.0000131600
  -0.0001177300   -0.0000815500   -0.0000464100
   0.0008874400    0.0019417900   -0.0017017100
  -0.0001188400   -0.0000807300    0.0000346400
  -0.0000158200   -0.0000163400   -0.0000038800
   0.0000043100    0.0000113700    0.0000032300
   0.0000011400   -0.0000262100   -0.0000017800
   0.0000012700    0.0000173100   -0.0000017300
  -0.0069682900    0.0003879300   -0.0010973000
  -0.0080904400   -0.0001651500    0.0011388800
  -0.0000594500    0.0000031400   -0.0000022000
  -0.0000339100    0.0000281500   -0.0000037500
   0.0000278900    0.0000118300   -0.0000015400
  -0.0000361900   -0.0000224900    0.0000036900
   0.0000452000   -0.0000122300    0.0000062000
  -0.0000374400    0.0000225500   -0.0000125300
  -0.0000350900   -0.0000265400    0.0000093000
   0.0026854900    0.0001220000    0.0002650200
  -0.0000524600    0.0001708400    0.0000044700
  -0.0000516900   -0.0001416600    0.0000092300
   0.0000736500    0.0002457900    0.0000181100
   0.0000960400   -0.0002267100   -0.0000143800
  -0.0000215400   -0.0000011200    0.0000004800
   0.0000720500   -0.0000854200    0.0000041200
  -0.0000215300   -0.0000014000   -0.0000019100
   0.0000977500    0.0000857100   -0.0000062000
  -0.0009083400   -0.0037787600   -0.0006382000
   0.0001650200   -0.0000665300   -0.0001125700
  -0.0000522500   -0.0000230300   -0.0000009800
   0.0001141700   -0.0000489200    0.0000179200
  -0.0014790600   -0.0037206500    0.0005625300
  -0.0000449600   -0.0000157900    0.0000017300
  -0.0000043900    0.0000084600   -0.0000001800
  -0.0000039000    0.0000083200   -0.0000065200
  -0.0000183700   -0.0000266600    0.0000150500

46   
  0.0000000000000000   0.0000000000000000   0.0100000000000000
   0.0002171100    0.0312822500    0.0405408500
   0.0000738800   -0.0000467500   -0.0000206500
  -0.0000665700   -0.0000628800   -0.0000029600
  -0.0002806300    0.0001697400    0.0005560400
   0.0002247800    0.0002520200    0.0005448300
   0.0000029300    0.0000131400    0.0000058500
  -0.0000297600   -0.0000411600    0.0000018200
  -0.0000029400    0.0000173800    0.0000023900
   0.0000191100   -0.0000485400    0.0000197400
   0.0271975000   -0.0154570900    0.0405408200
   0.0003306700    0.0000686200    0.0005448200
  -0.0000324700    0.0000408200    0.0000197500
  -0.0000505200   -0.0000052000    0.0000018200
  -0.0000035400    0.0000873500   -0.0000206500
   0.0000128600   -0.0000040300    0.0000058500
   0.0000066500   -0.0003279000    0.0005560500
   0.0000136100   -0.0000112300    0.0000023900
  -0.0000877400   -0.0000262000   -0.0000029600
   0.0006471500    0.0003735500    0.0018500200
  -0.0008954900    0.0003998100    0.0021378400
   0.0000008800   -0.0000113000    0.0000069800
   0.0000350000   -0.0000226600    0.0000466100
  -0.0001016100   -0.0009753700    0.0021378600
  -0.0000225000   -0.0000130000    0.0000226400
  -0.0000021300    0.0000416100    0.0000466400
   0.0000079600    0.0000046000    0.0000024800
  -0.0000093400    0.0000064100    0.0000069700
  -0.0003531000    0.0001062400    0.0005785200
  -0.0298191700   -0.0172132000    0.0409402600
   0.0000238100    0.0000448400   -0.0000097900
  -0.0000054600   -0.0000031600    0.0000036600
   0.0000631300    0.0000603600   -0.0000232800
   0.0000507200   -0.0000017800   -0.0000098000
  -0.0000846100   -0.0003588900    0.0005785300
   0.0000838200    0.0000244700   -0.0000233000
  -0.0000143200   -0.0000082500   -0.0000025500
   0.0016129400    0.0005805100    0.0002220600
   0.0000142900    0.0000116700   -0.0002749800
   0.0000086900   -0.0000030400    0.0000041200
   0.0000801900   -0.0000064500   -0.0002651700
   0.0004825300   -0.0021059700    0.0005490000
  -0.0000086000   -0.0000109500    0.0000125100
  -0.0000006200    0.0000122500    0.0000072200
   0.0000034400   -0.0000060900    0.0000088900
  -0.0000021900    0.0000016300    0.0000105200
   0.0026015700    0.0015018300   -0.1274512000
  -0.0000100300   -0.0000758300   -0.0002073800
  -0.0000407800   -0.0001014600   -0.0002078300
   0.0000606400    0.0000605200   -0.0001984500
  -0.0000706700    0.0000292300   -0.0002073600
  -0.0000020600   -0.0000011800    0.0000069200
   0.0000827500    0.0000222300   -0.0001984400
   0.0000012500    0.0000007300    0.0000070000
  -0.0001082500    0.0000154300   -0.0002078000
   0.0013093700    0.0011063900    0.0002220500
  -0.0015823500    0.0014710900    0.0005490100
   0.0000003100   -0.0000027100    0.0000105200
   0.0000103000   -0.0000066600    0.0000072200
   0.0000172700    0.0000065400   -0.0002749800
  -0.0000137700   -0.0000019700    0.0000124900
   0.0000345300    0.0000726700   -0.0002651700
  -0.0000035400    0.0000060300    0.0000088900
   0.0000017200    0.0000090400    0.0000041200
   0.0004824100   -0.0008617300   -0.0030452500
   0.0000026500   -0.0000019700   -0.0000336100
  -0.0000044100   -0.0000025500    0.0000512800
  -0.0005049600    0.0008487400   -0.0030452800
  -0.0001513500   -0.0000873600    0.0000499300
  -0.0000002600   -0.0000093400   -0.0000331200
   0.0000164000    0.0000094700    0.0000044800
  -0.0000003600    0.0000032600   -0.0000336000
  -0.0000082200    0.0000044400   -0.0000331100
  -0.0017003000    0.0005931700    0.0003885700
  -0.0000038200    0.0000002200    0.0000077800
   0.0000331900    0.0000191600   -0.0002766300
  -0.0003367100   -0.0017690300    0.0003885400
  -0.0000439500   -0.0000253700   -0.0002739300
   0.0000128200   -0.0000095900    0.0000078700
   0.0000033000    0.0000019100    0.0000086400
  -0.0000017200   -0.0000034300    0.0000077800
  -0.0000019000    0.0000158800    0.0000078800
  -0.0009539500    0.0001454600   -0.0031081600
   0.0010084000    0.0000424200   -0.0027819300
  -0.0000030300   -0.0000170600    0.0000045300
   0.0000079000   -0.0000008000   -0.0000312100
   0.0000036100    0.0000114800    0.0000304700
  -0.0000098700   -0.0000086400   -0.0000250900
  -0.0000023100    0.0001135400    0.0000429300
   0.0000020000    0.0000036700   -0.0000247400
  -0.0000031800    0.0000020200   -0.0000317700
   0.0002376100    0.0001372300    0.0141911000
   0.0000095000   -0.0000129700    0.0000111300
   0.0000044000   -0.0000191900    0.0000113200
   0.0000039100    0.0000186400   -0.0000010100
  -0.0000064800    0.0000147100    0.0000111300
  -0.0000018600   -0.0000010700   -0.0000011000
   0.0000181100   -0.0000059400   -0.0000010000
   0.0000005000    0.0000003000   -0.0000011200
  -0.0000144200    0.0000134100    0.0000113300
  -0.0003511400   -0.0008988400   -0.0031081400
   0.0000117500   -0.0000026300    0.0000304600
   0.0000001500   -0.0000037800   -0.0000317700
   0.0000971500   -0.0000587900    0.0000429300
   0.0005410800    0.0008520200   -0.0027819300
  -0.0000124100   -0.0000042200   -0.0000251000
   0.0000032600    0.0000072400   -0.0000312100
   0.0000041700   -0.0000001000   -0.0000247400
  -0.0000162800    0.0000059000    0.0000045400

46   
  0.0000000000000000   0.0000000000000000  -0.0100000000000000
  -0.0002068500   -0.0323557500   -0.0413822000
  -0.0000750600    0.0000508000    0.0000199900
   0.0000672100    0.0000665600    0.0000022800
   0.0002713800   -0.0001385600   -0.0005681200
  -0.0002134600   -0.0002179900   -0.0005549600
  -0.0000028700   -0.0000140300   -0.0000062300
   0.0000296200    0.0000419600   -0.0000044800
   0.0000030100   -0.0000173400   -0.0000025600
  -0.0000185700    0.0000494800   -0.0000223600
  -0.0281220000    0.0160028600   -0.0413821900
  -0.0002955200   -0.0000758100   -0.0005549700
   0.0000335600   -0.0000408300   -0.0000223500
   0.0000511600    0.0000046500   -0.0000044700
   0.0000064500   -0.0000904300    0.0000199900
  -0.0000135600    0.0000045400   -0.0000062300
   0.0000157500    0.0003042900   -0.0005681300
  -0.0000134900    0.0000112800   -0.0000025500
   0.0000912600    0.0000249200    0.0000022800
  -0.0006169100   -0.0003561200   -0.0018465800
   0.0008612400   -0.0003848000   -0.0021355600
  -0.0000008100    0.0000116400   -0.0000076100
  -0.0000357100    0.0000233300   -0.0000503600
   0.0000975200    0.0009382800   -0.0021355500
   0.0000232400    0.0000134100   -0.0000261300
   0.0000023500   -0.0000426200   -0.0000503600
  -0.0000083700   -0.0000048300   -0.0000030700
   0.0000097000   -0.0000065200   -0.0000076200
   0.0003215000   -0.0001122900   -0.0005855800
   0.0308718600    0.0178208200   -0.0418302600
  -0.0000250900   -0.0000446300    0.0000075300
   0.0000060800    0.0000035300   -0.0000041100
  -0.0000662900   -0.0000625500    0.0000239100
  -0.0000512200    0.0000005900    0.0000075400
   0.0000635600    0.0003345800   -0.0005855800
  -0.0000873200   -0.0000261400    0.0000239000
   0.0000141400    0.0000081700    0.0000023900
  -0.0015965000   -0.0005781000   -0.0002214200
  -0.0000080900   -0.0000154500    0.0002724900
  -0.0000087000    0.0000029000   -0.0000039300
  -0.0000816800    0.0000071500    0.0002676200
  -0.0004742300    0.0020890300   -0.0005491500
   0.0000089700    0.0000112100   -0.0000121200
   0.0000005700   -0.0000127600   -0.0000067700
  -0.0000033300    0.0000061400   -0.0000088100
   0.0000020600   -0.0000015800   -0.0000101700
  -0.0027112000   -0.0015650300    0.1301641400
   0.0000059900    0.0000758300    0.0002120200
   0.0000453700    0.0001019200    0.0002115900
  -0.0000584000   -0.0000644200    0.0002029600
   0.0000686600   -0.0000327400    0.0002120000
   0.0000020600    0.0000012000   -0.0000064300
  -0.0000849800   -0.0000183600    0.0002029600
  -0.0000013100   -0.0000007500   -0.0000063500
   0.0001109300   -0.0000116600    0.0002115600
  -0.0012990600   -0.0010933700   -0.0002214300
   0.0015718200   -0.0014554500   -0.0005491700
  -0.0000003400    0.0000025700   -0.0000101800
  -0.0000107500    0.0000068800   -0.0000067700
  -0.0000174100    0.0000007200    0.0002724900
   0.0000142000    0.0000021600   -0.0000121400
  -0.0000346400   -0.0000743200    0.0002676100
   0.0000036700   -0.0000059600   -0.0000088100
  -0.0000018400   -0.0000089700   -0.0000039400
  -0.0004994400    0.0008809300    0.0030789400
  -0.0000031500    0.0000018600    0.0000338700
   0.0000062900    0.0000036300   -0.0000470600
   0.0005130600   -0.0008730700    0.0030789700
   0.0001475500    0.0000851800   -0.0000484800
   0.0000006500    0.0000096700    0.0000344000
  -0.0000166900   -0.0000096300   -0.0000035400
   0.0000000400   -0.0000036800    0.0000338700
   0.0000087100   -0.0000042800    0.0000344000
   0.0016819900   -0.0005930500   -0.0003874400
   0.0000038700   -0.0000003700   -0.0000076600
  -0.0000395500   -0.0000228300    0.0002738400
   0.0003276500    0.0017531300   -0.0003874200
   0.0000440300    0.0000254100    0.0002765500
  -0.0000132700    0.0000099200   -0.0000075700
  -0.0000033000   -0.0000019000   -0.0000082900
   0.0000016100    0.0000035200   -0.0000076600
   0.0000019500   -0.0000164500   -0.0000075600
   0.0009768000   -0.0001421600    0.0031423200
  -0.0010443200   -0.0000325400    0.0028065100
   0.0000029800    0.0000173100   -0.0000037200
  -0.0000079400    0.0000004000    0.0000323900
  -0.0000037700   -0.0000128300   -0.0000262700
   0.0000098500    0.0000082600    0.0000262200
   0.0000012800   -0.0001090700   -0.0000417700
  -0.0000022400   -0.0000031800    0.0000247900
   0.0000034600   -0.0000015700    0.0000319800
  -0.0002434800   -0.0001404500   -0.0144872800
  -0.0000089600    0.0000128500   -0.0000129200
  -0.0000046200    0.0000188400   -0.0000127200
  -0.0000038400   -0.0000186200   -0.0000003300
   0.0000066500   -0.0000141900   -0.0000129100
   0.0000018600    0.0000010800    0.0000013400
  -0.0000180400    0.0000059800   -0.0000003300
  -0.0000005300   -0.0000003000    0.0000013400
   0.0000139900   -0.0000134200   -0.0000127100
   0.0003654000    0.0009169600    0.0031422900
  -0.0000129900    0.0000031400   -0.0000262800
   0.0000003600    0.0000037600    0.0000319900
  -0.0000938100    0.0000556400   -0.0000417700
  -0.0005504700   -0.0008880300    0.0028065000
   0.0000120900    0.0000044000    0.0000262100
  -0.0000036300   -0.0000070800    0.0000324000
  -0.0000038800   -0.0000003600    0.0000247900
   0.0000164700   -0.0000060800   -0.0000037400
