108  
9    

1    
  0.0065996541181674   0.0000000000000000   0.0075129598375445
  -0.1622349000    0.0003603400   -0.2061544900
   0.0008659900    0.0001439500    0.0003703000
   0.0008515300   -0.0001444000    0.0003583400
  -0.0001413200   -0.0004316400    0.0003616500
  -0.0001471600    0.0004384000    0.0003669600
   0.0000533300   -0.0000000400   -0.0000500000
  -0.0001402700   -0.0007237600    0.0003676300
   0.0000533200    0.0000000100   -0.0000499900
  -0.0001483000    0.0007227900    0.0003609900
   0.0031539100   -0.0052591000   -0.0045076300
   0.0005475000    0.0004962900    0.0000888300
   0.0000008200    0.0000350700    0.0000094600
   0.0004827200    0.0003850800    0.0000343900
   0.0037395500    0.0079889600   -0.0044707600
  -0.0000304600   -0.0000381800   -0.0000063200
  -0.0000559500    0.0000227500   -0.0000059700
  -0.0000100300   -0.0000086700    0.0000096300
   0.0000401400    0.0000481700   -0.0000365500
   0.0056399400    0.0060978800   -0.0045866300
   0.0060169600   -0.0061592400   -0.0045130400
   0.0001228200    0.0000002500   -0.0000362700
  -0.0000572800   -0.0000518900   -0.0000063000
   0.0014011900   -0.0000009900    0.0000882500
  -0.0000557000    0.0000535000   -0.0000069700
   0.0011558800    0.0000086900    0.0000445800
   0.0000180200    0.0000125300    0.0000102300
   0.0000177100   -0.0000122600    0.0000099400
   0.0032309000    0.0051166300   -0.0045927800
   0.0000005300   -0.0000356800    0.0000106800
   0.0005459700   -0.0004901700    0.0000876800
   0.0036487500   -0.0078877300   -0.0046295300
   0.0004797200   -0.0003937100    0.0000548500
  -0.0000303100    0.0000397400   -0.0000069300
   0.0000392700   -0.0000476400   -0.0000360200
  -0.0000111800    0.0000091800    0.0000105400
  -0.0000546400   -0.0000238700   -0.0000072700
  -0.0027725200    0.0014179000    0.0019690100
  -0.0000375700   -0.0000084800    0.0000468600
  -0.0000847900   -0.0000189700    0.0000815300
   0.0018823300   -0.0026800500    0.0026794500
  -0.0005654500    0.0012817300    0.0012521600
  -0.0000033500    0.0000170900    0.0000072300
  -0.0000207400   -0.0000099400    0.0000040200
  -0.0000520500    0.0000280300    0.0000639300
   0.0000089400   -0.0000070100    0.0000101500
   0.0511798200   -0.0235328800    0.0550461800
   0.0000264400    0.0000030900   -0.0000359200
   0.0001769700   -0.0004213900    0.0005402900
   0.0001666700    0.0003027500    0.0005183000
  -0.0000494700    0.0000400200   -0.0001156400
  -0.0000007100   -0.0000075800    0.0000075200
   0.0000067400   -0.0000262700   -0.0000502300
   0.0000133800   -0.0000194700    0.0000162900
   0.0000179600   -0.0000890300   -0.0000453600
   0.0492078200    0.0224055200    0.0531054900
   0.0001555000    0.0004347200    0.0005311400
   0.0000265900   -0.0000043800   -0.0000366200
  -0.0000510500   -0.0000385000   -0.0001140500
   0.0001522600   -0.0003221800    0.0005046300
  -0.0000005900    0.0000080600    0.0000068500
   0.0000147300    0.0000894600   -0.0000451400
   0.0000132000    0.0000194600    0.0000158400
   0.0000074100    0.0000269400   -0.0000500100
   0.0000750500   -0.0006721400    0.0005774700
  -0.0000205500    0.0000163200    0.0000039200
   0.0000645800    0.0000753600    0.0006050200
   0.0104180500    0.0266316400    0.0356582200
   0.0000245700   -0.0001576200   -0.0001001600
  -0.0001412100    0.0000878800    0.0000404100
  -0.0000133200   -0.0000050800   -0.0000144900
   0.0000062400   -0.0000009900    0.0000143500
  -0.0000140900    0.0000195900    0.0000011900
   0.0000473700   -0.0000708200    0.0006218700
  -0.0000202700   -0.0000159100    0.0000032400
   0.0000640200    0.0006864100    0.0005519900
   0.0104078400   -0.0258563500    0.0350230500
  -0.0001453400   -0.0000857300    0.0000376300
   0.0000210300    0.0001562600   -0.0000999200
   0.0000071400    0.0000009900    0.0000127600
  -0.0000121600    0.0000032800   -0.0000136000
  -0.0000142900   -0.0000192600    0.0000006200
   0.0047588200   -0.0032655500    0.0166394300
   0.0007069600    0.0007118500    0.0006493200
   0.0000216300    0.0000165500    0.0000355100
  -0.0000727400    0.0001379900    0.0000554000
   0.0006792000    0.0000067000    0.0006546100
  -0.0000345200   -0.0000116600   -0.0000052700
   0.0001601800   -0.0000200200   -0.0000149700
  -0.0000148300    0.0000034300   -0.0000085500
   0.0000217500    0.0000126200    0.0000501300
   0.0046964500    0.0033010100    0.0165972600
   0.0000209200   -0.0000148300    0.0000360400
   0.0006890200   -0.0007270200    0.0006353200
   0.0006762500    0.0000020700    0.0006786600
  -0.0000723800   -0.0001412500    0.0000522100
  -0.0000340300    0.0000115500   -0.0000054700
   0.0000208100   -0.0000121400    0.0000491100
  -0.0000144000   -0.0000032500   -0.0000092400
   0.0001600300    0.0000189400   -0.0000165500
  -0.0027418700   -0.0014132700    0.0019742100
  -0.0000840600    0.0000190200    0.0000831800
  -0.0000396300    0.0000064500    0.0000485200
  -0.0005265900   -0.0012715900    0.0012613600
   0.0019278200    0.0027035000    0.0026924700
  -0.0000036100   -0.0000172900    0.0000073400
   0.0000087500    0.0000072400    0.0000104300
  -0.0000509200   -0.0000248900    0.0000661200
  -0.0000211200    0.0000101700    0.0000044400

10   
  0.0065996541181674   0.0000000000000000   0.0075129598375445
   0.0032426700    0.0077075600   -0.0044812900
   0.0000005100   -0.0000014100    0.0000104600
   0.0005477900    0.0004896500    0.0000787200
  -0.0000551100   -0.0000523100   -0.0000069800
   0.0000400000    0.0000481300   -0.0000365400
  -0.0000112200    0.0000284400    0.0000106100
   0.0004825100    0.0003916300    0.0000456800
  -0.0000307100    0.0000374700   -0.0000068900
   0.0036467000   -0.0049818100   -0.0045171200
  -0.1678161800    0.0003409900   -0.2066099400
   0.0007611300    0.0002954700    0.0005084600
   0.0007470200   -0.0002833100    0.0004960500
  -0.0000338200   -0.0001574500    0.0004989000
  -0.0000211400    0.0001555300    0.0006034200
   0.0000209100    0.0000021000   -0.0000518500
  -0.0000330800   -0.0007388400    0.0005052200
   0.0000207200    0.0000020700   -0.0000517900
  -0.0000213200    0.0007011200    0.0005977300
   0.0035744900   -0.0078666100   -0.0057724700
   0.0003123200   -0.0004512800    0.0002132000
  -0.0000404500    0.0000233900    0.0000194000
   0.0000430300   -0.0000180900   -0.0000032300
  -0.0000315600    0.0000174800    0.0000201900
  -0.0000222000   -0.0000491400    0.0000293800
   0.0032014800    0.0044572100   -0.0057803400
  -0.0000351300   -0.0000421300    0.0000306700
   0.0003792000   -0.0004820000    0.0002025300
   0.0063312500   -0.0062819000   -0.0057142400
   0.0000924400   -0.0000099600   -0.0000035100
   0.0065080600    0.0061222700   -0.0057316200
   0.0011672100   -0.0000459300    0.0002040000
  -0.0000107100    0.0000286900    0.0000298100
  -0.0000141900   -0.0000266500    0.0000200800
  -0.0000113000    0.0000423100    0.0000302100
  -0.0000136100   -0.0000386100    0.0000196900
   0.0011667300    0.0000365000    0.0002038500
   0.0051132800    0.0027638500    0.0153377700
   0.0000410700   -0.0000284100    0.0000140900
   0.0008226500   -0.0006138500    0.0006308500
   0.0005308000   -0.0001984000    0.0006580500
  -0.0000743200   -0.0001124900    0.0000124700
  -0.0000209400    0.0000109100   -0.0000140500
   0.0000168100   -0.0000161900    0.0000362000
  -0.0000143000    0.0000007600   -0.0000079700
   0.0001553400    0.0000562100   -0.0000208200
   0.0019483100    0.0030342800    0.0025340000
  -0.0000074900   -0.0000207200   -0.0000007000
  -0.0007019300   -0.0012632100    0.0012630000
  -0.0000369800   -0.0000370400    0.0000473600
  -0.0000179600    0.0000095100   -0.0000011900
   0.0000062000    0.0000077800    0.0000035400
  -0.0000654000    0.0000157300    0.0001080700
  -0.0000306700    0.0000063900    0.0000186600
  -0.0030601600   -0.0015795000    0.0017806000
   0.0097177300   -0.0272310200    0.0356692800
  -0.0001266800   -0.0000700200   -0.0000098100
   0.0001365400    0.0001162100   -0.0000586600
   0.0000032100   -0.0000272100   -0.0000003900
  -0.0000335500    0.0000195800   -0.0000405200
  -0.0000064000   -0.0000143500   -0.0000062800
  -0.0000226600   -0.0000349200    0.0006210500
  -0.0000139700   -0.0000179800    0.0000011900
   0.0002386300    0.0009208400    0.0005365200
   0.0007825700    0.0006825200    0.0006314400
   0.0000526000    0.0000281000    0.0000318600
   0.0055453500   -0.0027934900    0.0147655700
   0.0006876800    0.0002423900    0.0006535700
  -0.0000242100   -0.0000119400   -0.0000095800
  -0.0001061600    0.0001360400    0.0000576800
  -0.0000148400   -0.0000002300   -0.0000045900
   0.0000345800    0.0000222900    0.0000277800
   0.0001672200   -0.0001139000   -0.0000043800
   0.0000364900    0.0004374400    0.0006110200
   0.0000706900    0.0000084900   -0.0000482200
   0.0518939500    0.0248523900    0.0559427300
   0.0001112700   -0.0006130500    0.0005666200
   0.0000061100    0.0000046200    0.0000023400
  -0.0000089000   -0.0001247500   -0.0001190400
   0.0000179500    0.0000187800    0.0000076200
   0.0000182600    0.0000617700   -0.0000764000
  -0.0000363100    0.0001014000   -0.0000892800
   0.0104718600    0.0280428500    0.0360934400
   0.0001643000   -0.0001390500   -0.0000857400
  -0.0001366500    0.0000710600   -0.0000036500
  -0.0000227100   -0.0000215300   -0.0000167000
   0.0000080000    0.0000260700   -0.0000080800
  -0.0000071500    0.0000197600   -0.0000007300
   0.0001309400   -0.0007900500    0.0006382500
  -0.0000140300    0.0000198600    0.0000017700
  -0.0001937000    0.0000035300    0.0006823100
  -0.0008128500    0.0009191000    0.0011408800
  -0.0000064200    0.0000213900    0.0000002200
   0.0020030000   -0.0028406500    0.0029859900
  -0.0000436000    0.0000261000    0.0000463000
   0.0000108600   -0.0000070200    0.0000058800
  -0.0000296000   -0.0000139900   -0.0000041200
  -0.0000470500    0.0000045500    0.0000288900
  -0.0000872100   -0.0000194300    0.0000752100
  -0.0026231200    0.0018290900    0.0018972400
   0.0531658000   -0.0250005300    0.0578917600
   0.0000645100   -0.0000130800   -0.0000390800
   0.0000398400   -0.0006181900    0.0006302500
   0.0001540400    0.0004916800    0.0006212500
  -0.0000127200    0.0001441700   -0.0001194200
   0.0000107700   -0.0000073400    0.0000041100
   0.0000140900   -0.0000442400   -0.0000619500
   0.0000164200   -0.0000171200    0.0000112100
  -0.0000334700   -0.0001231500   -0.0000850100

10   
 -0.0065996541181674   0.0000000000000000  -0.0075129598375445
  -0.0031389800   -0.0075876400    0.0046185700
  -0.0000008900    0.0000033200   -0.0000099400
  -0.0005456800   -0.0004969300   -0.0000979400
   0.0000555800    0.0000543900    0.0000060700
  -0.0000392000   -0.0000478000    0.0000360500
   0.0000099600   -0.0000292700   -0.0000098000
  -0.0004796900   -0.0003874200   -0.0000435000
   0.0000301200   -0.0000379800    0.0000061100
  -0.0037445100    0.0048130000    0.0045826800
   0.1677999000    0.0005049400    0.2065917000
  -0.0007475400   -0.0002971700   -0.0004960800
  -0.0007616800    0.0002806700   -0.0005085000
   0.0000403700    0.0001637200   -0.0005056700
   0.0000144500   -0.0001514600   -0.0005989000
  -0.0000207500   -0.0000024000    0.0000517800
   0.0000411400    0.0007390400   -0.0004993200
  -0.0000208600   -0.0000023000    0.0000517900
   0.0000143900   -0.0007012100   -0.0006045300
  -0.0036722700    0.0079773600    0.0056330000
  -0.0003145900    0.0004444300   -0.0001964000
   0.0000412400   -0.0000218900   -0.0000201800
  -0.0000440500    0.0000182700    0.0000035000
   0.0000304100   -0.0000164300   -0.0000193600
   0.0000236600    0.0000486400   -0.0000309600
  -0.0031134400   -0.0046077700    0.0057043500
   0.0000348900    0.0000416700   -0.0000296800
  -0.0003766600    0.0004882900   -0.0002069400
  -0.0059424900    0.0062255600    0.0057698300
  -0.0000925700    0.0000100400    0.0000034200
  -0.0069203000   -0.0061611900    0.0056732500
  -0.0011671700    0.0000441700   -0.0002054500
   0.0000123500   -0.0000281700   -0.0000305200
   0.0000124200    0.0000277000   -0.0000194900
   0.0000118000   -0.0000422500   -0.0000301300
   0.0000129900    0.0000386200   -0.0000199000
  -0.0011677300   -0.0000222900   -0.0002056500
  -0.0052088100   -0.0026995000   -0.0153442800
  -0.0000417600    0.0000295700   -0.0000135900
  -0.0008421400    0.0005997200   -0.0006433400
  -0.0005340900    0.0002064300   -0.0006353300
   0.0000747100    0.0001093900   -0.0000139700
   0.0000213700   -0.0000110800    0.0000142000
  -0.0000175500    0.0000165000   -0.0000366900
   0.0000145800   -0.0000007100    0.0000079000
  -0.0001548800   -0.0000573300    0.0000201700
  -0.0019051800   -0.0030150800   -0.0025217800
   0.0000072800    0.0000202800    0.0000007200
   0.0007388500    0.0012707900   -0.0012529400
   0.0000381000    0.0000399000   -0.0000457800
   0.0000174300   -0.0000093300    0.0000013400
  -0.0000062100   -0.0000076400   -0.0000034400
   0.0000656700   -0.0000155800   -0.0001069700
   0.0000285800   -0.0000083700   -0.0000171100
   0.0030922300    0.0015888900   -0.0017726700
  -0.0096770600    0.0280415600   -0.0362988400
   0.0001234500    0.0000718900    0.0000079300
  -0.0001405100   -0.0001170600    0.0000588900
  -0.0000025500    0.0000273100   -0.0000003300
   0.0000344600   -0.0000214500    0.0000416000
   0.0000062900    0.0000144900    0.0000062600
   0.0000048000    0.0000373200   -0.0006066700
   0.0000141900    0.0000181400   -0.0000013600
  -0.0002509300   -0.0009111500   -0.0005588700
  -0.0007638000   -0.0006968300   -0.0006176700
  -0.0000518900   -0.0000268200   -0.0000325000
  -0.0054236800    0.0028662300   -0.0147504200
  -0.0006860100   -0.0002352300   -0.0006741800
   0.0000237400    0.0000117800    0.0000095000
   0.0001057800   -0.0001390600   -0.0000555900
   0.0000146000    0.0000002500    0.0000046900
  -0.0000338400   -0.0000219100   -0.0000272500
  -0.0001673000    0.0001131800    0.0000056200
  -0.0000561500   -0.0004229300   -0.0006214800
  -0.0000707500   -0.0000095000    0.0000484500
  -0.0540243400   -0.0261352500   -0.0580518200
  -0.0001256800    0.0005971800   -0.0005795300
  -0.0000059200   -0.0000042600   -0.0000026100
   0.0000069200    0.0001260000    0.0001214500
  -0.0000179900   -0.0000189400   -0.0000076000
  -0.0000176000   -0.0000614700    0.0000776200
   0.0000337000   -0.0001019600    0.0000899100
  -0.0105010700   -0.0272044600   -0.0354177000
  -0.0001606800    0.0001379500    0.0000856900
   0.0001397700   -0.0000691500    0.0000060000
   0.0000220200    0.0000194500    0.0000155700
  -0.0000087300   -0.0000262800    0.0000087900
   0.0000073100   -0.0000196100    0.0000008500
  -0.0001190300    0.0008006100   -0.0006159500
   0.0000137500   -0.0000197300   -0.0000016400
   0.0002101800   -0.0000002600   -0.0006962200
   0.0007796900   -0.0009100500   -0.0011521400
   0.0000066600   -0.0000218300   -0.0000002100
  -0.0020495100    0.0028649600   -0.0029992900
   0.0000424000   -0.0000233400   -0.0000477800
  -0.0000108800    0.0000071200   -0.0000057600
   0.0000300800    0.0000141700    0.0000038200
   0.0000488900   -0.0000064600   -0.0000304600
   0.0000869900    0.0000195800   -0.0000762200
   0.0025974500   -0.0018277800   -0.0018979200
  -0.0510342900    0.0237423000   -0.0558060000
  -0.0000642900    0.0000118900    0.0000388100
  -0.0000195300    0.0006322800   -0.0006176000
  -0.0001401200   -0.0005119100   -0.0006075500
   0.0000140700   -0.0001430600    0.0001175300
  -0.0000109200    0.0000076300   -0.0000039300
  -0.0000146300    0.0000447700    0.0000611500
  -0.0000163600    0.0000170100   -0.0000113400
   0.0000360400    0.0001236100    0.0000845500

37   
  0.0065996541181674   0.0000000000000000   0.0075129598375445
  -0.0027775100    0.0009370600    0.0019713700
  -0.0000430300    0.0000046500    0.0000460000
  -0.0000821200    0.0000177300    0.0000859700
  -0.0000101500   -0.0000032300   -0.0000053800
  -0.0000031900   -0.0000008400    0.0000207200
  -0.0000512400   -0.0000230500    0.0000665000
   0.0014815700   -0.0024636000    0.0030672300
  -0.0000045900    0.0000041200    0.0000076900
  -0.0001467600    0.0015142300    0.0008822000
   0.0050896700    0.0027784000    0.0153629400
   0.0004655800    0.0001861000    0.0009838500
   0.0000827700   -0.0000554500   -0.0000216800
   0.0000716100   -0.0000450300   -0.0000105300
   0.0000975700    0.0000105300    0.0000311900
  -0.0000097000   -0.0000018300   -0.0000116600
   0.0003686600   -0.0006841800    0.0008013100
  -0.0000158700    0.0000076000   -0.0000189100
   0.0000311700   -0.0000921500   -0.0000784900
  -0.0000163100    0.0003800400    0.0004486300
  -0.0000240500   -0.0003291900    0.0008173700
  -0.0000129000   -0.0000127100    0.0000018700
   0.0000156800    0.0000347100   -0.0000003400
  -0.0000023800   -0.0000117600   -0.0000049300
  -0.0000354800    0.0000650500   -0.0000230800
   0.0099085800   -0.0275926000    0.0363250800
  -0.0000446800    0.0000718300    0.0000580000
   0.0000322600    0.0000584200   -0.0001619300
   0.0533881000    0.0251001300    0.0578309400
   0.0000224500   -0.0000380900   -0.0000017500
   0.0004085300   -0.0002181500    0.0002802600
   0.0000231800   -0.0001422400   -0.0001361500
  -0.0000401000    0.0000394000   -0.0000133100
   0.0000122300    0.0000145300    0.0000154100
  -0.0001208900    0.0000929700   -0.0000258900
   0.0000045900    0.0000038500    0.0000091500
   0.0003123000    0.0006644300    0.0004664200
  -0.0790973800   -0.0003157000   -0.1155012200
  -0.0000080700    0.0000004400   -0.0002332400
   0.0000142800    0.0000428800   -0.0002495700
   0.0000000000   -0.0000348700   -0.0002624200
   0.0000269500   -0.0000048500   -0.0002214500
   0.0000013700   -0.0000000400    0.0000022700
  -0.0000107000    0.0000259500   -0.0002546100
   0.0000013900   -0.0000001200    0.0000021700
   0.0000380900   -0.0000282100   -0.0002300000
  -0.0011429100    0.0039644200    0.0016656400
  -0.0000019700    0.0000014600    0.0000086600
  -0.0000366800    0.0000312600   -0.0002583000
  -0.0000010600   -0.0000091600    0.0000188600
  -0.0000000500   -0.0000046900    0.0000082700
  -0.0000130900    0.0000036100    0.0000068400
   0.0000414500   -0.0000115000   -0.0001548500
  -0.0000066800    0.0000081700    0.0000070600
  -0.0024849000   -0.0004733500    0.0005368200
   0.0016136800   -0.0029743300   -0.0030037600
  -0.0000988300   -0.0000595600   -0.0000038400
   0.0000131900    0.0000040700   -0.0000171700
  -0.0000061100   -0.0000127200   -0.0000078900
   0.0000075300   -0.0000018300   -0.0000168100
   0.0000086200   -0.0000082700   -0.0000145200
   0.0004877200   -0.0014856500   -0.0021267000
   0.0000139700   -0.0000017000   -0.0000228900
  -0.0001623500   -0.0000907400    0.0000448600
   0.0024528200   -0.0021928700    0.0012731600
  -0.0000080300    0.0000014000    0.0000079900
  -0.0000601200   -0.0001139900   -0.0009620000
   0.0000217300   -0.0000104300   -0.0002511200
   0.0000118900    0.0000047100    0.0000084800
  -0.0000178900   -0.0000164100    0.0000048400
  -0.0000037100    0.0000129400    0.0000223400
  -0.0000054700   -0.0000142400   -0.0000014400
   0.0000162900   -0.0001081400   -0.0002721200
   0.0038390800    0.0000008700   -0.0018511700
   0.0000157900    0.0000176700    0.0000044300
   0.0059942100   -0.0004437800   -0.0036069400
  -0.0000047700    0.0000474300    0.0000145400
   0.0000236300    0.0000080800   -0.0000157800
   0.0000054100   -0.0000123800   -0.0000211900
   0.0000089100   -0.0000071000   -0.0000235900
   0.0000184300    0.0000042600   -0.0000115600
   0.0000046900   -0.0000503500    0.0000097200
  -0.0003827400   -0.0005976100   -0.0013454100
   0.0001490300    0.0000773300   -0.0002844200
  -0.0000066500    0.0000299100    0.0000048200
  -0.0000024600    0.0000031500    0.0000075700
  -0.0000008000    0.0000113000    0.0000019600
   0.0000121300   -0.0000234500    0.0000065900
   0.0007681500   -0.0005462700   -0.0002390000
  -0.0000046700   -0.0000093200    0.0000139200
   0.0000577800    0.0000207100   -0.0003463800
   0.0001076600    0.0012691200   -0.0024671600
   0.0000186600    0.0000137700   -0.0000198900
  -0.0001845900    0.0001094800    0.0000247200
   0.0000003500   -0.0000049300   -0.0000184900
   0.0000249500   -0.0000051900    0.0000168000
  -0.0000042700   -0.0000053300   -0.0000226500
  -0.0000816100    0.0000446000   -0.0000168900
   0.0000161800    0.0000110200   -0.0000125700
   0.0012285600    0.0036383500   -0.0033457900
  -0.0014527900   -0.0000001600    0.0147396500
   0.0000134800   -0.0000785900    0.0000099300
   0.0000647000    0.0001490000    0.0000529400
  -0.0000759200   -0.0002092100    0.0000702300
  -0.0000401700    0.0001298500   -0.0000071900
   0.0000023400   -0.0000000600   -0.0000014700
  -0.0001017300    0.0000617100    0.0000485600
   0.0000023400   -0.0000000700   -0.0000014500
  -0.0000137700   -0.0000533800    0.0000141400

37   
 -0.0065996541181674   0.0000000000000000  -0.0075129598375445
   0.0027369700   -0.0009421300   -0.0019725500
   0.0000403900   -0.0000065800   -0.0000443900
   0.0000803200   -0.0000165300   -0.0000848600
   0.0000086800    0.0000037800    0.0000055900
   0.0000019400    0.0000002000   -0.0000205400
   0.0000517400    0.0000226400   -0.0000641000
  -0.0015037200    0.0024438700   -0.0030296600
   0.0000022300   -0.0000037300   -0.0000074600
   0.0001208500   -0.0015148700   -0.0009079400
  -0.0049213100   -0.0028654700   -0.0155939300
  -0.0004126400   -0.0001845700   -0.0009825400
  -0.0000835700    0.0000569000    0.0000232300
  -0.0000719600    0.0000445500    0.0000117300
  -0.0000965000   -0.0000112400   -0.0000308000
   0.0000097900    0.0000020900    0.0000118100
  -0.0003481500    0.0006496000   -0.0007986100
   0.0000146100   -0.0000075900    0.0000189900
  -0.0000314700    0.0000927500    0.0000799200
  -0.0000013200   -0.0003631100   -0.0004464500
   0.0000342800    0.0003531900   -0.0008106000
   0.0000132300    0.0000122800   -0.0000017200
  -0.0000160100   -0.0000336000    0.0000017500
   0.0000017300    0.0000117500    0.0000049500
   0.0000357800   -0.0000655100    0.0000243800
  -0.0098758800    0.0269622000   -0.0358563500
   0.0000448300   -0.0000677600   -0.0000576500
  -0.0000317300   -0.0000601700    0.0001632700
  -0.0511297000   -0.0238238000   -0.0555930800
  -0.0000230400    0.0000383500    0.0000028500
  -0.0004386300    0.0002206800   -0.0002761800
  -0.0000240000    0.0001418300    0.0001354300
   0.0000401000   -0.0000396600    0.0000139900
  -0.0000114900   -0.0000141600   -0.0000152500
   0.0001169400   -0.0000956200    0.0000252600
  -0.0000055100   -0.0000043300   -0.0000089600
  -0.0003302200   -0.0006765700   -0.0004565400
   0.0768299200   -0.0003075500    0.1128083900
   0.0000074900   -0.0000012900    0.0002303800
  -0.0000104100   -0.0000432100    0.0002494300
   0.0000009500    0.0000338000    0.0002610300
  -0.0000280300    0.0000053600    0.0002175500
  -0.0000015000    0.0000000400   -0.0000027500
   0.0000103700   -0.0000245600    0.0002511700
  -0.0000014900   -0.0000000600   -0.0000028900
  -0.0000370300    0.0000314600    0.0002266800
   0.0011253600   -0.0038965300   -0.0016177300
   0.0000026700   -0.0000015800   -0.0000079600
   0.0000376400   -0.0000287400    0.0002616100
   0.0000010800    0.0000088100   -0.0000182500
  -0.0000002600    0.0000049700   -0.0000077000
   0.0000128200   -0.0000037700   -0.0000061000
  -0.0000364100    0.0000088800    0.0001554900
   0.0000071200   -0.0000080900   -0.0000063800
   0.0024756000    0.0004737100   -0.0005299400
  -0.0016205700    0.0029737400    0.0030087300
   0.0000946200    0.0000570200    0.0000039400
  -0.0000131400   -0.0000043400    0.0000161200
   0.0000061500    0.0000124600    0.0000065600
  -0.0000076300    0.0000020100    0.0000160100
  -0.0000088800    0.0000082900    0.0000134000
  -0.0005169200    0.0014776700    0.0020957100
  -0.0000139400    0.0000013600    0.0000222300
   0.0001632900    0.0000921800   -0.0000467100
  -0.0024402100    0.0022006200   -0.0012447700
   0.0000083800   -0.0000014200   -0.0000071800
   0.0000870700    0.0001355400    0.0009527100
  -0.0000209500    0.0000120300    0.0002537400
  -0.0000116000   -0.0000038200   -0.0000080700
   0.0000178700    0.0000162600   -0.0000043100
   0.0000037300   -0.0000127100   -0.0000215100
   0.0000057200    0.0000144800    0.0000020000
  -0.0000134300    0.0001082700    0.0002711300
  -0.0037739900    0.0000117600    0.0018131200
  -0.0000153400   -0.0000178500   -0.0000055700
  -0.0060696300    0.0004441700    0.0036377100
   0.0000041800   -0.0000473400   -0.0000173600
  -0.0000234300   -0.0000075700    0.0000147500
  -0.0000052700    0.0000121600    0.0000201300
  -0.0000091500    0.0000073700    0.0000234200
  -0.0000182400   -0.0000040500    0.0000108100
  -0.0000036900    0.0000540900   -0.0000105000
   0.0003845800    0.0005762500    0.0013344300
  -0.0001514600   -0.0000789500    0.0002821700
   0.0000068300   -0.0000302400   -0.0000042500
   0.0000023800   -0.0000034600   -0.0000068500
   0.0000006700   -0.0000112700   -0.0000013500
  -0.0000123400    0.0000233900   -0.0000062200
  -0.0008122700    0.0005502700    0.0002246900
   0.0000046400    0.0000088500   -0.0000130000
  -0.0000589000   -0.0000219500    0.0003530100
  -0.0001219100   -0.0012733300    0.0024291700
  -0.0000182800   -0.0000135900    0.0000186600
   0.0001896200   -0.0001113600   -0.0000235000
  -0.0000002900    0.0000044700    0.0000180500
  -0.0000249700    0.0000054300   -0.0000174600
   0.0000039600    0.0000053900    0.0000213200
   0.0000798000   -0.0000433500    0.0000109300
  -0.0000157300   -0.0000110400    0.0000116200
  -0.0012225700   -0.0036290300    0.0033406400
   0.0014208600    0.0000000300   -0.0145377500
  -0.0000133300    0.0000763900   -0.0000069700
  -0.0000632900   -0.0001495200   -0.0000528700
   0.0000759900    0.0002084000   -0.0000680200
   0.0000379100   -0.0001281400    0.0000083800
  -0.0000023600    0.0000000100    0.0000019000
   0.0001007800   -0.0000617800   -0.0000452300
  -0.0000023700   -0.0000000100    0.0000019500
   0.0000136600    0.0000544600   -0.0000147600

46   
  0.0100000000000000   0.0000000000000000   0.0000000000000000
   0.0411464600   -0.0146748800    0.0297429700
   0.0006757300    0.0002507700   -0.0003534600
   0.0000351100   -0.0000200300    0.0000034900
   0.0000205300   -0.0000175000   -0.0000090200
   0.0001320300    0.0000558700   -0.0000954300
  -0.0000010800   -0.0000174600    0.0000187800
   0.0006401500   -0.0008840700   -0.0003499600
  -0.0000266200    0.0000028400    0.0000224700
  -0.0000929900   -0.0001832500    0.0000142200
   0.0008384000    0.0031431600    0.0018066200
   0.0010079000   -0.0031440700   -0.0018332300
  -0.0000105500   -0.0000006100   -0.0000003400
  -0.0000853000    0.0000157900   -0.0000106200
  -0.0043048300    0.0000192600   -0.0003057000
  -0.0000887800   -0.0000264200    0.0000391900
  -0.0000609700    0.0000061900    0.0000033500
  -0.0000178400   -0.0000031500    0.0000242500
  -0.0000052100    0.0000019400   -0.0000188000
   0.0006647200   -0.0003149400    0.0006742100
   0.0451375900    0.0172332100   -0.0327099900
   0.0000970400    0.0000321800   -0.0000176000
   0.0000041000    0.0000131800   -0.0000216800
   0.0000892400   -0.0000909400    0.0001190900
   0.0000325200    0.0000633300    0.0000048400
   0.0005352500    0.0008902300    0.0003858000
  -0.0000809000    0.0000959900   -0.0000573700
  -0.0000132700   -0.0000058600   -0.0000192100
   0.0152937000   -0.0003385900   -0.0004830200
   0.0000285100    0.0000495600   -0.0001925100
   0.0000009500   -0.0000602900    0.0001832200
   0.0000291900    0.0006086000    0.0002953400
   0.0000891300   -0.0005410400   -0.0000941500
  -0.0000211400   -0.0000004400    0.0000000800
  -0.0000194400   -0.0000297400   -0.0000283500
  -0.0000103000    0.0000037800    0.0000007500
  -0.0000148600    0.0000342500    0.0000166400
  -0.0011424700    0.0001304200   -0.0004901500
   0.0000867600   -0.0000370500   -0.0001278200
  -0.0000068200    0.0000168300    0.0000030000
   0.0000756500   -0.0000238500   -0.0000151900
  -0.0012948600    0.0033877700   -0.0021927500
  -0.0000089800   -0.0000199800   -0.0000014800
  -0.0000014900    0.0000175200   -0.0000002300
  -0.0000005900   -0.0000181000   -0.0000167200
  -0.0000018300   -0.0000062200    0.0000016000
  -0.1158245800   -0.0026407400    0.0044628500
  -0.0000262300   -0.0000287900   -0.0000483200
  -0.0000252000    0.0000501300   -0.0000041400
   0.0000108000   -0.0000060400    0.0000381200
   0.0000230100    0.0000470800   -0.0000644400
   0.0000042500    0.0000003900    0.0000010700
   0.0000111800    0.0000722200    0.0000413100
   0.0000042500    0.0000001700   -0.0000014300
   0.0000230200   -0.0000443400   -0.0000437900
   0.0014850900    0.0013021200    0.0014320100
   0.0016775900   -0.0016821000   -0.0017837300
  -0.0000091400    0.0000012400   -0.0000005400
  -0.0000059200   -0.0000220900    0.0000010700
   0.0000289600    0.0000012700    0.0000499600
  -0.0000041800    0.0000201500   -0.0000042100
   0.0000289100    0.0000219100    0.0000229700
  -0.0000041500    0.0000260500   -0.0000208200
  -0.0000059200   -0.0000158200    0.0000200700
   0.0013021000   -0.0040355400   -0.0008105000
   0.0000260900   -0.0000113900    0.0000043100
  -0.0001988400   -0.0001041900   -0.0000896300
   0.0006313800   -0.0027249100    0.0003162800
  -0.0002342700   -0.0000883100    0.0000362400
   0.0000293800   -0.0000049300   -0.0000000500
   0.0000167500   -0.0000041100    0.0000223000
   0.0000057900    0.0000091400   -0.0000128700
   0.0000070900   -0.0000003600   -0.0000037600
  -0.0012876700   -0.0000194800    0.0005956700
  -0.0000065300   -0.0000214000   -0.0000049400
   0.0000840300    0.0000098300    0.0001251300
  -0.0009540100   -0.0026737800    0.0017839500
   0.0000659400    0.0000203300   -0.0000223000
  -0.0000027800    0.0000174300    0.0000005800
  -0.0000042700    0.0000016200   -0.0000006800
  -0.0000084100    0.0000208500    0.0000094900
  -0.0000012200   -0.0000239100   -0.0000050900
   0.0061761000   -0.0005089800    0.0012147100
   0.0078354200    0.0003182700   -0.0014476900
   0.0000291600   -0.0000035300    0.0000029000
   0.0000199700   -0.0000169200    0.0000043200
  -0.0000417200   -0.0000205600    0.0000034400
   0.0000216400    0.0000138200   -0.0000045800
  -0.0000418800    0.0000155200    0.0000089100
   0.0000216500   -0.0000079300    0.0000103200
   0.0000200300    0.0000104400   -0.0000096400
  -0.0023193700   -0.0001855800   -0.0002319300
   0.0000698700   -0.0002000700    0.0000344700
   0.0000701200    0.0001637400   -0.0000510900
  -0.0000837800   -0.0002875700   -0.0000571700
  -0.0001071000    0.0002704500    0.0000459500
   0.0000052400    0.0000011400   -0.0000005300
  -0.0000852800    0.0000751500   -0.0000137600
   0.0000052100    0.0000010500    0.0000009100
  -0.0001055100   -0.0000739300    0.0000196000
   0.0013183600    0.0038686100    0.0010007900
  -0.0002159300    0.0001293100    0.0000609000
   0.0000236900    0.0000138400   -0.0000034400
  -0.0001821400    0.0001019600   -0.0000554900
   0.0013081100    0.0032293300   -0.0004808200
   0.0000227800    0.0000074800   -0.0000014200
   0.0000059800   -0.0000000800    0.0000049600
   0.0000034200   -0.0000044300    0.0000086800
   0.0000141300    0.0000056600   -0.0000206600

46   
 -0.0100000000000000   0.0000000000000000   0.0000000000000000
  -0.0420613300    0.0151456600   -0.0307681400
  -0.0006342400   -0.0002428000    0.0003543500
  -0.0000371100    0.0000223300   -0.0000034000
  -0.0000223700    0.0000175900    0.0000099600
  -0.0001352800   -0.0000537300    0.0000958700
   0.0000010500    0.0000171800   -0.0000184100
  -0.0006282300    0.0008783700    0.0003399300
   0.0000265200   -0.0000027400   -0.0000222400
   0.0000930000    0.0001841900   -0.0000154200
  -0.0008748300   -0.0031908400   -0.0018174500
  -0.0009711700    0.0030985900    0.0018221400
   0.0000105100    0.0000007200    0.0000007800
   0.0000866500   -0.0000162100    0.0000127400
   0.0043119000    0.0000142200    0.0003144300
   0.0000881700    0.0000261000   -0.0000373100
   0.0000611800   -0.0000071800   -0.0000038900
   0.0000178500    0.0000034700   -0.0000237200
   0.0000050300   -0.0000017400    0.0000192200
  -0.0007024000    0.0003246200   -0.0006768900
  -0.0441398500   -0.0166728900    0.0315246000
  -0.0000941500   -0.0000298900    0.0000170600
  -0.0000041100   -0.0000131100    0.0000220700
  -0.0000860600    0.0000914300   -0.0001187500
  -0.0000312200   -0.0000625900   -0.0000042800
  -0.0005484000   -0.0008976600   -0.0003971600
   0.0000802600   -0.0000950100    0.0000560800
   0.0000134700    0.0000057800    0.0000193700
  -0.0152960500    0.0005306600    0.0005671000
  -0.0000285400   -0.0000511200    0.0001901600
   0.0000001900    0.0000581900   -0.0001850900
  -0.0000359400   -0.0006131800   -0.0002991300
  -0.0000797000    0.0005365200    0.0000902900
   0.0000210700    0.0000005500    0.0000003400
   0.0000194700    0.0000291400    0.0000280600
   0.0000103400   -0.0000037600   -0.0000004000
   0.0000146300   -0.0000350600   -0.0000169700
   0.0011571300   -0.0001335000    0.0005082400
  -0.0000844700    0.0000359100    0.0001214600
   0.0000070400   -0.0000169000   -0.0000031000
  -0.0000715800    0.0000239300    0.0000103500
   0.0012659600   -0.0033065900    0.0021607100
   0.0000086700    0.0000193300    0.0000013600
   0.0000013800   -0.0000170500    0.0000000300
   0.0000006300    0.0000178700    0.0000167300
   0.0000017900    0.0000061700   -0.0000018800
   0.1157041200    0.0012549600   -0.0022348500
   0.0000247500    0.0000285900    0.0000436700
   0.0000256900   -0.0000509400   -0.0000002200
  -0.0000117700    0.0000091100   -0.0000396800
  -0.0000225500   -0.0000445100    0.0000628200
  -0.0000042700   -0.0000001200   -0.0000008400
  -0.0000114200   -0.0000711000   -0.0000403400
  -0.0000042200   -0.0000003300    0.0000019200
  -0.0000224500    0.0000456700    0.0000446000
  -0.0014850600   -0.0012850300   -0.0014426800
  -0.0016777700    0.0016976300    0.0017706900
   0.0000090000   -0.0000010500    0.0000002100
   0.0000061600    0.0000226200   -0.0000012200
  -0.0000288100   -0.0000031600   -0.0000553000
   0.0000039600   -0.0000196100    0.0000041200
  -0.0000289100   -0.0000215400   -0.0000242600
   0.0000039300   -0.0000255300    0.0000206200
   0.0000060900    0.0000161500   -0.0000204100
  -0.0013188500    0.0040188600    0.0008147800
  -0.0000255800    0.0000110800   -0.0000038000
   0.0002008100    0.0001074000    0.0000919600
  -0.0006268200    0.0027530100   -0.0003216600
   0.0002276600    0.0000873800   -0.0000377000
  -0.0000300400    0.0000048400    0.0000001000
  -0.0000165700    0.0000044400   -0.0000222200
  -0.0000057300   -0.0000087900    0.0000132100
  -0.0000072400    0.0000004500    0.0000043200
   0.0012757400    0.0000179400   -0.0005786000
   0.0000062900    0.0000212400    0.0000048300
  -0.0000855600   -0.0000109900   -0.0001324900
   0.0009820000    0.0027467500   -0.0018117400
  -0.0000698400   -0.0000200000    0.0000181400
   0.0000030400   -0.0000180800   -0.0000009600
   0.0000043400   -0.0000015600    0.0000003400
   0.0000084300   -0.0000210800   -0.0000095000
   0.0000013500    0.0000245300    0.0000048200
  -0.0063449900    0.0005143600   -0.0012464800
  -0.0076405100   -0.0003159700    0.0014196100
  -0.0000292900    0.0000028400   -0.0000026500
  -0.0000200700    0.0000175300   -0.0000044000
   0.0000417500    0.0000224600   -0.0000043300
  -0.0000215800   -0.0000133700    0.0000045800
   0.0000415800   -0.0000132300   -0.0000066300
  -0.0000216500    0.0000080200   -0.0000103300
  -0.0000200900   -0.0000104200    0.0000097300
   0.0023212500    0.0001823200    0.0003133700
  -0.0000700400    0.0001981000   -0.0000338900
  -0.0000698600   -0.0001652500    0.0000518600
   0.0000851000    0.0002890500    0.0000574100
   0.0001057900   -0.0002696300   -0.0000461500
  -0.0000052600   -0.0000009800    0.0000001200
   0.0000836000   -0.0000754000    0.0000143700
  -0.0000052100   -0.0000010600   -0.0000013600
   0.0001074700    0.0000735500   -0.0000189200
  -0.0013053700   -0.0038856200   -0.0009986900
   0.0002141300   -0.0001262100   -0.0000592900
  -0.0000241300   -0.0000141500    0.0000038500
   0.0001870200   -0.0001031900    0.0000540500
  -0.0013103000   -0.0032000100    0.0004823500
  -0.0000224000   -0.0000074900    0.0000014200
  -0.0000058600    0.0000001900   -0.0000045400
  -0.0000034700    0.0000048600   -0.0000083600
  -0.0000143800   -0.0000054300    0.0000207400

46   
  0.0000000000000000   0.0000000000000000   0.0100000000000000
   0.0278927800   -0.0161039000    0.0466218700
  -0.0000592600    0.0000850900    0.0007800200
  -0.0000539300    0.0000556300   -0.0000011900
  -0.0000751600    0.0000188900   -0.0000011800
  -0.0000205100    0.0001333400   -0.0000405700
   0.0000184200   -0.0000106300    0.0000048400
  -0.0001033500    0.0000087700    0.0007800200
   0.0000094100   -0.0000054300    0.0000014100
  -0.0001257300   -0.0000489300   -0.0000405700
   0.0010574100    0.0007187600    0.0024453900
  -0.0013283300    0.0007669600    0.0028285100
  -0.0000010600   -0.0000065200   -0.0000002700
   0.0000583900   -0.0000337000    0.0000895500
  -0.0000938000   -0.0012751400    0.0024453800
  -0.0000438700   -0.0000247200    0.0000606800
  -0.0000005500    0.0000503400    0.0000606800
   0.0000051400    0.0000041700   -0.0000002700
  -0.0000054800    0.0000031900    0.0000031200
  -0.0000568500    0.0000977000    0.0008208100
  -0.0312559300   -0.0182535100    0.0472877300
   0.0000536300    0.0000596800   -0.0000336700
  -0.0000091600   -0.0000053800    0.0000019500
   0.0000910500    0.0000997700   -0.0000418300
   0.0000729000    0.0000268400   -0.0000114900
  -0.0000168300   -0.0000079000    0.0008242000
   0.0001202800    0.0000016500   -0.0000623600
  -0.0000131900   -0.0000032200   -0.0000046000
   0.0001800000    0.0361952000    0.0472877400
   0.0000587100   -0.0001049600   -0.0000623700
  -0.0000408600   -0.0001287500   -0.0000418400
  -0.0001130300    0.0000004000    0.0008208000
  -0.0000015300    0.0000184800    0.0008242100
   0.0000000700    0.0000106300    0.0000019500
  -0.0000248700   -0.0000763000   -0.0000336700
  -0.0000038100    0.0000130500   -0.0000046100
   0.0000132000   -0.0000765300   -0.0000114900
   0.0022676800    0.0006378600    0.0001982900
   0.0000199300   -0.0000115100   -0.0003613000
   0.0000029300    0.0000015300    0.0000086100
   0.0001464100   -0.0000845200   -0.0003340700
   0.0005814100   -0.0022828000    0.0001983200
  -0.0000048800   -0.0000176100    0.0000136800
   0.0000128100    0.0000130300    0.0000136900
   0.0000001300   -0.0000033000    0.0000085800
   0.0000004600   -0.0000002500    0.0000102300
   0.0032716900   -0.0018889800   -0.1474046000
  -0.0000034600   -0.0000463500   -0.0003106100
  -0.0000439000   -0.0000737800   -0.0003109800
   0.0000419600    0.0000749400   -0.0003110300
  -0.0000450300    0.0000464400   -0.0003154300
  -0.0000014400    0.0000008400    0.0000012200
   0.0000384700    0.0000261800   -0.0003105700
   0.0000010900   -0.0000006400    0.0000012300
  -0.0000627100    0.0000157700   -0.0003154400
   0.0014435800    0.0012523700    0.0000290200
  -0.0017840900    0.0017122700    0.0004436800
  -0.0000005600   -0.0000005500    0.0000129400
   0.0000198500   -0.0000005900    0.0000093900
   0.0000234500   -0.0000344300   -0.0003609200
  -0.0000206700    0.0000062800    0.0000146200
   0.0000523600    0.0001178900   -0.0003589000
  -0.0000042700   -0.0000033400    0.0000144900
   0.0000009800    0.0000001600    0.0000092000
   0.0006092100   -0.0012875700   -0.0035928600
   0.0000003000   -0.0000048400   -0.0000253100
   0.0000301800    0.0000265500    0.0000366000
  -0.0009097200    0.0008881400   -0.0039503900
  -0.0000968600   -0.0000505900    0.0000344300
  -0.0000033000   -0.0000128600   -0.0000313900
   0.0000194200    0.0000145700    0.0000091100
  -0.0000045100    0.0000024600   -0.0000318700
  -0.0000061200    0.0000086200   -0.0000247700
  -0.0023749100    0.0006889600    0.0004436500
   0.0000007700    0.0000053700    0.0000145100
   0.0000415200   -0.0000030900   -0.0003609200
  -0.0003627700   -0.0018763500    0.0000290200
  -0.0000759000   -0.0001043200   -0.0003589000
   0.0000104300   -0.0000168600    0.0000093600
   0.0000001900    0.0000007200    0.0000129700
   0.0000003600   -0.0000009400    0.0000092200
  -0.0000157600    0.0000147800    0.0000146200
  -0.0012240200    0.0003438400   -0.0039503800
   0.0014196900    0.0001162200   -0.0035928700
  -0.0000029200   -0.0000242000    0.0000091300
   0.0000095000    0.0000093000   -0.0000314200
  -0.0000078900   -0.0000394100    0.0000365800
  -0.0000105200    0.0000010100   -0.0000247800
  -0.0000046500    0.0001091600    0.0000344400
   0.0000043500    0.0000021800   -0.0000253000
  -0.0000043900    0.0000026700   -0.0000318600
   0.0002692900   -0.0001554800    0.0184373000
   0.0000511400   -0.0000365800    0.0000422000
  -0.0000333200   -0.0000362300    0.0000424300
   0.0000147000    0.0000469900    0.0000424500
  -0.0000194600    0.0000418200    0.0000610100
  -0.0000009100    0.0000005300   -0.0000007800
   0.0000572700   -0.0000260000    0.0000421900
   0.0000004800   -0.0000002800   -0.0000007700
  -0.0000459300   -0.0000040600    0.0000610100
  -0.0004131800   -0.0013137000   -0.0036153800
  -0.0000218500    0.0000126200    0.0000155200
   0.0000022600   -0.0000058700   -0.0000238800
   0.0000471200   -0.0000272100    0.0000212000
   0.0009310800    0.0010146800   -0.0036153900
  -0.0000080000   -0.0000061900   -0.0000225800
   0.0000013600    0.0000100200   -0.0000226000
   0.0000062100    0.0000009800   -0.0000238500
  -0.0000183800    0.0000106100    0.0000070500

46   
  0.0000000000000000   0.0000000000000000  -0.0100000000000000
  -0.0288575300    0.0166608700   -0.0474636300
   0.0001027100   -0.0000930000   -0.0007888400
   0.0000553400   -0.0000557900   -0.0000013300
   0.0000759800   -0.0000200600   -0.0000013400
   0.0000243300   -0.0001359100    0.0000396700
  -0.0000193900    0.0000112100   -0.0000053600
   0.0001319300   -0.0000424200   -0.0007888400
  -0.0000095500    0.0000055800   -0.0000016500
   0.0001298200    0.0000469100    0.0000397000
  -0.0010345200   -0.0007013500   -0.0024459400
   0.0013000900   -0.0007507300   -0.0028295300
   0.0000011000    0.0000071000   -0.0000003100
  -0.0000590100    0.0000340600   -0.0000936500
   0.0000901700    0.0012466100   -0.0024459300
   0.0000445200    0.0000247900   -0.0000644600
   0.0000008200   -0.0000508900   -0.0000644500
  -0.0000055700   -0.0000045200   -0.0000002900
   0.0000057500   -0.0000033900   -0.0000036800
   0.0000194400   -0.0001047200   -0.0008261800
   0.0323914000    0.0188938400   -0.0482077500
  -0.0000553500   -0.0000596200    0.0000316500
   0.0000098800    0.0000057000   -0.0000024200
  -0.0000952800   -0.0001013500    0.0000420800
  -0.0000735100   -0.0000287700    0.0000094400
  -0.0000092500   -0.0000265400   -0.0008279400
  -0.0001245700   -0.0000043500    0.0000628100
   0.0000133600    0.0000030700    0.0000043900
  -0.0001667600   -0.0374987600   -0.0482077600
  -0.0000584300    0.0001099800    0.0000628000
   0.0000401300    0.0001332300    0.0000420800
   0.0001004200    0.0000355500   -0.0008261900
   0.0000182800    0.0000214000   -0.0008279400
   0.0000000000   -0.0000114400   -0.0000024200
   0.0000239200    0.0000778400    0.0000316500
   0.0000040000   -0.0000131600    0.0000043900
  -0.0000118200    0.0000779800    0.0000094400
  -0.0022498000   -0.0006314000   -0.0002035700
  -0.0000154600    0.0000089000    0.0003613800
  -0.0000027900   -0.0000016400   -0.0000089300
  -0.0001483600    0.0000856600    0.0003374500
  -0.0005780900    0.0022641300   -0.0002035400
   0.0000053100    0.0000178600   -0.0000135700
  -0.0000128200   -0.0000135200   -0.0000136100
   0.0000000400    0.0000032000   -0.0000088900
  -0.0000007400    0.0000004100   -0.0000103600
  -0.0034249200    0.0019774400    0.1503271600
   0.0000001300    0.0000456700    0.0003169900
   0.0000476700    0.0000735800    0.0003166000
  -0.0000399400   -0.0000780600    0.0003165300
   0.0000430500   -0.0000494600    0.0003210200
   0.0000015500   -0.0000008900   -0.0000004300
  -0.0000395500   -0.0000229100    0.0003169500
  -0.0000010500    0.0000006300   -0.0000004000
   0.0000644400   -0.0000126200    0.0003211200
  -0.0014306100   -0.0012392000   -0.0000332100
   0.0017702900   -0.0016957400   -0.0004489600
   0.0000004800    0.0000002800   -0.0000131900
  -0.0000203900    0.0000008400   -0.0000094600
  -0.0000235100    0.0000397400    0.0003604000
   0.0000210900   -0.0000060900   -0.0000148000
  -0.0000527700   -0.0001184800    0.0003624100
   0.0000042800    0.0000034600   -0.0000150200
  -0.0000011500   -0.0000001100   -0.0000096700
  -0.0006321200    0.0013051800    0.0036227800
  -0.0000008200    0.0000048600    0.0000257500
  -0.0000282600   -0.0000253700   -0.0000319100
   0.0009130400   -0.0009007800    0.0039886200
   0.0000922800    0.0000495800   -0.0000341800
   0.0000035700    0.0000131700    0.0000329200
  -0.0000196200   -0.0000145800   -0.0000079500
   0.0000042900   -0.0000028300    0.0000323600
   0.0000063800   -0.0000083900    0.0000261500
   0.0023537200   -0.0006853000   -0.0004489300
  -0.0000008300   -0.0000054300   -0.0000150600
  -0.0000461900    0.0000006000    0.0003603000
   0.0003578700    0.0018585300   -0.0000332000
   0.0000762200    0.0001050000    0.0003623500
  -0.0000109200    0.0000172800   -0.0000095200
  -0.0000000100   -0.0000006100   -0.0000131200
  -0.0000004500    0.0000009400   -0.0000095700
   0.0000158200   -0.0000152100   -0.0000147900
   0.0012366200   -0.0003403500    0.0039886200
  -0.0014464400   -0.0001052000    0.0036228300
   0.0000027800    0.0000243300   -0.0000078800
  -0.0000095900   -0.0000096700    0.0000328600
   0.0000079300    0.0000372000   -0.0000320300
   0.0000104700   -0.0000013300    0.0000261600
   0.0000032400   -0.0001047000   -0.0000342100
  -0.0000046300   -0.0000017100    0.0000257400
   0.0000045000   -0.0000023200    0.0000324500
  -0.0002763900    0.0001595800   -0.0188315200
  -0.0000520300    0.0000363100   -0.0000450000
   0.0000346600    0.0000357900   -0.0000447700
  -0.0000137100   -0.0000478900   -0.0000446800
   0.0000187300   -0.0000422300   -0.0000638600
   0.0000010000   -0.0000005700    0.0000005400
  -0.0000575100    0.0000269500   -0.0000449500
  -0.0000003900    0.0000002600    0.0000005100
   0.0000460200    0.0000048200   -0.0000639600
   0.0004323600    0.0013295600    0.0036448900
   0.0000206000   -0.0000119300   -0.0000111800
  -0.0000017000    0.0000059000    0.0000241500
  -0.0000432900    0.0000249900   -0.0000210200
  -0.0009352600   -0.0010391900    0.0036449100
   0.0000078300    0.0000061900    0.0000237700
  -0.0000014800   -0.0000098700    0.0000237700
  -0.0000059500   -0.0000015100    0.0000241200
   0.0000184400   -0.0000106700   -0.0000060400
