108  
3    

1    
  0.0070485755466252   0.0000000000000000   0.0070934887582569
  -0.1385082600    0.0003718300   -0.1644234000
   0.0008560500    0.0000144400    0.0003132200
   0.0008425000   -0.0000113600    0.0003039800
  -0.0000816100   -0.0005226400    0.0003066800
  -0.0000833000    0.0005277300    0.0003105500
   0.0000502000    0.0000000700   -0.0000455100
  -0.0000809600   -0.0005517800    0.0003112700
   0.0000501800   -0.0000000200   -0.0000455100
  -0.0000839900    0.0005501400    0.0003059100
   0.0019765200   -0.0075165800   -0.0036486200
   0.0002357700   -0.0005464200    0.0001577200
   0.0000862000    0.0000104400   -0.0000040600
   0.0000116900   -0.0001175500   -0.0000424500
   0.0000048000    0.0000565800   -0.0000034700
   0.0000058700    0.0000109300   -0.0000042000
   0.0020395300    0.0061577700   -0.0036174100
   0.0000859700   -0.0000356500   -0.0000034700
   0.0002379100   -0.0005369400    0.0001503200
   0.0033153000   -0.0069263900   -0.0035562100
   0.0002162500    0.0000004200   -0.0000427300
   0.0030300800    0.0068407900   -0.0036189400
   0.0011761200    0.0000028800    0.0001506300
   0.0000283800    0.0000695300   -0.0000038400
   0.0000271300   -0.0000690000   -0.0000035600
   0.0000277000   -0.0000240200   -0.0000037000
   0.0000277600    0.0000241200   -0.0000037200
   0.0011762000    0.0000066100    0.0001506700
   0.0020367900    0.0075935100   -0.0035269900
   0.0000856300   -0.0000085800   -0.0000033400
   0.0002386000    0.0005378200    0.0001436700
   0.0000053100   -0.0000557900   -0.0000039400
   0.0000130500    0.0001179700   -0.0000430000
   0.0000042900   -0.0000110500   -0.0000032000
   0.0002363300    0.0005473700    0.0001509600
   0.0000858300    0.0000357100   -0.0000039500
   0.0019760100   -0.0062626300   -0.0035584900
   0.0067055300    0.0011855100    0.0093306000
  -0.0000001200   -0.0000079400    0.0000181100
   0.0005919600   -0.0007669700    0.0002273400
   0.0006330700    0.0001440000    0.0003555800
  -0.0001711000   -0.0001356400    0.0000374600
  -0.0000619100    0.0000220400   -0.0000116400
   0.0000262500   -0.0000088900    0.0000425100
  -0.0000150100   -0.0000173600   -0.0000018900
   0.0000838400    0.0000698900   -0.0000033400
   0.0013841100    0.0021941800    0.0015788300
  -0.0000700800   -0.0000256100    0.0000110900
  -0.0005810900   -0.0010432600    0.0010650200
  -0.0000048200   -0.0000235300    0.0000280800
  -0.0000457900   -0.0000139900    0.0000040400
  -0.0000014400    0.0000396500    0.0000183300
  -0.0000681600    0.0000365900    0.0000455800
  -0.0000267900   -0.0000126600    0.0000095900
  -0.0024022000   -0.0011366700    0.0013192900
   0.0087611700   -0.0215172500    0.0281500200
  -0.0002125500   -0.0001171600    0.0000157600
   0.0000116800    0.0001182700   -0.0000660000
   0.0000070000    0.0000259200    0.0000291000
  -0.0000102600   -0.0000210600   -0.0000198200
  -0.0000238900   -0.0000199200    0.0000013900
   0.0000294300   -0.0001317500    0.0005373700
  -0.0000452400   -0.0000128600    0.0000049400
   0.0001171700    0.0007148800    0.0002952000
   0.0006044600    0.0007554600    0.0002414300
   0.0000002400    0.0000087700    0.0000169200
   0.0067868400   -0.0011269900    0.0093714300
   0.0006311500   -0.0001399800    0.0003385800
  -0.0000622900   -0.0000220700   -0.0000117000
  -0.0001703700    0.0001327700    0.0000393400
  -0.0000151700    0.0000176000   -0.0000019500
   0.0000264600    0.0000096000    0.0000427100
   0.0000841200   -0.0000703400   -0.0000025900
   0.0000486900    0.0005544400    0.0006012200
   0.0000040500   -0.0000096400   -0.0000084800
   0.0437172000    0.0201814000    0.0466192000
   0.0001718300   -0.0005119200    0.0004872400
  -0.0000272600   -0.0000018500    0.0000143800
  -0.0000600800   -0.0000592400   -0.0000873300
   0.0000074100    0.0000304800    0.0000119800
   0.0000132900    0.0000216600   -0.0000330000
  -0.0000298100    0.0001231100   -0.0000463900
   0.0087339200    0.0221411900    0.0286760800
   0.0000146900   -0.0001197100   -0.0000664200
  -0.0002093400    0.0001185900    0.0000173000
  -0.0000107500    0.0000199400   -0.0000211400
   0.0000058700   -0.0000259100    0.0000303500
  -0.0000238900    0.0000200800    0.0000013700
   0.0001261700   -0.0007024900    0.0003177200
  -0.0000455100    0.0000131200    0.0000049800
   0.0000428100    0.0001401000    0.0005262300
  -0.0006203400    0.0010505600    0.0010532000
  -0.0000695900    0.0000250500    0.0000108900
   0.0013568000   -0.0021757100    0.0015719400
  -0.0000055800    0.0000256700    0.0000256900
  -0.0000015900   -0.0000392200    0.0000181900
  -0.0000450200    0.0000142200    0.0000034300
  -0.0000244000    0.0000108900    0.0000078800
  -0.0000682000   -0.0000361400    0.0000445000
  -0.0024258100    0.0011402100    0.0013156300
   0.0454117800   -0.0211797000    0.0483548500
   0.0000036200    0.0000084000   -0.0000080500
   0.0000701000   -0.0005433700    0.0006063300
   0.0001856900    0.0004931000    0.0004950600
  -0.0000592000    0.0000616800   -0.0000888300
  -0.0000276600    0.0000022800    0.0000144800
   0.0000130700   -0.0000207400   -0.0000337400
   0.0000073900   -0.0000304500    0.0000117000
  -0.0000283000   -0.0001237400   -0.0000470300

37   
  0.0070485755466252   0.0000000000000000   0.0070934887582569
   0.0065348800    0.0012889300    0.0095684400
   0.0001617500    0.0002544800    0.0006880100
   0.0000134600   -0.0000614100    0.0000032100
   0.0000576100    0.0000182500    0.0000112700
   0.0000491800   -0.0000157900    0.0000310500
  -0.0000109700   -0.0000203100   -0.0000064900
   0.0003437500   -0.0004500400    0.0006463700
  -0.0000589800    0.0000200300   -0.0000160700
  -0.0000527900   -0.0000977100   -0.0000797100
   0.0001846600    0.0003693800    0.0003794700
  -0.0000312900   -0.0006559600    0.0004642500
  -0.0000459200   -0.0000083700    0.0000047500
   0.0000233600    0.0000275100    0.0000132600
  -0.0000244100   -0.0000150100    0.0000011100
  -0.0000271000    0.0000313900   -0.0000032900
   0.0087695100   -0.0223906500    0.0286088200
  -0.0001428400    0.0000982800    0.0000865500
  -0.0000584700    0.0000020800   -0.0001356800
   0.0457544300    0.0213529400    0.0481444500
  -0.0000120500   -0.0000106200    0.0000067300
   0.0004993700   -0.0002971700    0.0001585700
   0.0000049300   -0.0001061300   -0.0000813700
  -0.0000181300   -0.0000046000   -0.0000017500
   0.0000034400    0.0000283800    0.0000160300
  -0.0001823800    0.0001205800    0.0000300800
  -0.0000327600   -0.0000047500    0.0000183500
   0.0004736000    0.0007778700    0.0002018200
  -0.0024250200    0.0002996800    0.0013139300
  -0.0000295500   -0.0000143600    0.0000062000
  -0.0000663700    0.0000354100    0.0000481800
  -0.0000315200    0.0000231100   -0.0000104400
  -0.0000167400   -0.0000314100    0.0000327900
  -0.0000048700   -0.0000215600    0.0000275600
   0.0006303900   -0.0017669400    0.0023117600
  -0.0000713400    0.0000087700    0.0000111800
   0.0001124500    0.0014620700    0.0003268600
  -0.0702859800   -0.0002876700   -0.0898112800
  -0.0000066500    0.0000421600   -0.0001278400
   0.0000256500    0.0000761500   -0.0001569000
  -0.0000330800   -0.0000592300   -0.0002009200
   0.0000540200   -0.0000263900   -0.0000845100
   0.0000129500    0.0000001100    0.0000064000
  -0.0000490100    0.0000018700   -0.0001869700
   0.0000131200   -0.0000000900    0.0000062700
   0.0000700700   -0.0000330400   -0.0000996200
  -0.0008815500    0.0027789700    0.0015844300
   0.0000171700    0.0000006400    0.0000108400
   0.0000609700   -0.0000481900   -0.0001558900
  -0.0000013800   -0.0000091400    0.0000099900
   0.0000001100    0.0000090400    0.0000047100
  -0.0000038200    0.0000024800    0.0000078500
   0.0000872000   -0.0000641200   -0.0001332200
   0.0000077300    0.0000163500    0.0000013300
  -0.0019175100   -0.0003035500    0.0005364200
   0.0010852500   -0.0028274900   -0.0024277000
  -0.0000221300    0.0000156000    0.0000197500
   0.0000414000   -0.0000088200   -0.0000218900
   0.0000059000   -0.0000278000   -0.0000082900
   0.0000036300    0.0000051900   -0.0000152600
   0.0000080300    0.0000027300   -0.0000197600
   0.0004459200   -0.0020610800   -0.0018221600
   0.0000404800   -0.0000148100   -0.0000208000
  -0.0001073800   -0.0000339100    0.0001065900
   0.0017701700   -0.0014734100    0.0013628000
   0.0000158100    0.0000021000    0.0000065200
  -0.0003010400   -0.0002114000   -0.0007178300
  -0.0000235600   -0.0000079300   -0.0001623000
   0.0000180700    0.0000182600    0.0000078900
   0.0000005700   -0.0000197300    0.0000018600
   0.0000125600   -0.0000001000    0.0000136200
   0.0000064500   -0.0000098900   -0.0000036900
  -0.0000230600   -0.0000345500   -0.0001643800
   0.0044189800    0.0000932000   -0.0015713600
   0.0000541000    0.0000121000    0.0000023500
   0.0055902100   -0.0002261200   -0.0027882400
  -0.0000483700    0.0000031000    0.0000223300
   0.0000358900    0.0000204500   -0.0000183200
   0.0000245300   -0.0000259200   -0.0000227500
   0.0000279200   -0.0000214800   -0.0000256700
   0.0000325400    0.0000223400   -0.0000147400
  -0.0000482000   -0.0000953600    0.0000222100
  -0.0004426300   -0.0001134800   -0.0009325800
   0.0001198800    0.0000828400   -0.0001720000
   0.0000101000    0.0000152600   -0.0000010200
  -0.0000033800   -0.0000111000    0.0000083100
   0.0000042900    0.0000193900   -0.0000001000
   0.0000065400   -0.0000163400    0.0000020200
   0.0005781100   -0.0006453100    0.0001000700
   0.0000194600   -0.0000167700    0.0000085400
   0.0000982100    0.0000701200   -0.0001916400
   0.0003378400    0.0018184200   -0.0019371300
   0.0000422500    0.0000217200   -0.0000191500
  -0.0001863100    0.0000802800    0.0000261800
   0.0000021300   -0.0000097000   -0.0000253800
   0.0000272100    0.0000156300    0.0000130800
  -0.0000026000   -0.0000094600   -0.0000214600
  -0.0001029800    0.0000316800   -0.0000633200
   0.0000434900    0.0000181000   -0.0000199800
   0.0009698700    0.0032109100   -0.0025484600
  -0.0019537000    0.0000000000    0.0100026200
   0.0000382100   -0.0000868200    0.0000002300
   0.0000382200    0.0001242700   -0.0000014600
  -0.0000633300   -0.0001634600    0.0000160000
  -0.0000307100    0.0001451000   -0.0000171900
   0.0000175300    0.0000000900   -0.0000014000
  -0.0000634700    0.0000463600    0.0000166700
   0.0000176700   -0.0000000500   -0.0000013900
  -0.0000297400   -0.0000658400   -0.0000182000

37   
 -0.0070485755466252   0.0000000000000000  -0.0070934887582569
  -0.0063990000   -0.0013465500   -0.0096898600
  -0.0001242000   -0.0002540400   -0.0006849800
  -0.0000158600    0.0000626900   -0.0000015200
  -0.0000579400   -0.0000172200   -0.0000100500
  -0.0000494300    0.0000146900   -0.0000312000
   0.0000109900    0.0000195500    0.0000067000
  -0.0003222300    0.0004261800   -0.0006417700
   0.0000568000   -0.0000193200    0.0000162500
   0.0000507400    0.0000976300    0.0000807300
  -0.0001996900   -0.0003538100   -0.0003733200
   0.0000379500    0.0006639100   -0.0004583700
   0.0000450700    0.0000078300   -0.0000046700
  -0.0000226200   -0.0000263800   -0.0000117900
   0.0000232200    0.0000154200   -0.0000010600
   0.0000275400   -0.0000327100    0.0000048400
  -0.0087275200    0.0219156400   -0.0282184200
   0.0001384500   -0.0000931800   -0.0000861300
   0.0000563600   -0.0000041300    0.0001370100
  -0.0439378000   -0.0203317500   -0.0462723500
   0.0000105100    0.0000114100   -0.0000054800
  -0.0005301500    0.0003058900   -0.0001436100
  -0.0000057600    0.0001063500    0.0000808800
   0.0000188100    0.0000027200    0.0000026400
  -0.0000026700   -0.0000276800   -0.0000159900
   0.0001755500   -0.0001201400   -0.0000303400
   0.0000303100    0.0000041600   -0.0000183200
  -0.0004823000   -0.0007893400   -0.0001854100
   0.0024033200   -0.0003009600   -0.0013202000
   0.0000279200    0.0000126000   -0.0000044900
   0.0000640900   -0.0000336900   -0.0000472000
   0.0000300300   -0.0000221100    0.0000110700
   0.0000156200    0.0000306400   -0.0000323100
   0.0000059100    0.0000205600   -0.0000254500
  -0.0006581600    0.0017646600   -0.0022811800
   0.0000685200   -0.0000080900   -0.0000106100
  -0.0001374000   -0.0014697800   -0.0003477800
   0.0684308000   -0.0002721200    0.0875707200
   0.0000074000   -0.0000422300    0.0001267400
  -0.0000194100   -0.0000772200    0.0001563700
   0.0000344800    0.0000574100    0.0002001100
  -0.0000549800    0.0000270700    0.0000823900
  -0.0000126500    0.0000001100   -0.0000065100
   0.0000481100   -0.0000016600    0.0001847200
  -0.0000124800   -0.0000000800   -0.0000066200
  -0.0000685000    0.0000381900    0.0000966300
   0.0008670000   -0.0027293600   -0.0015511600
  -0.0000159800   -0.0000004400   -0.0000109500
  -0.0000606000    0.0000493200    0.0001575000
   0.0000016400    0.0000086900   -0.0000100500
  -0.0000002200   -0.0000083200   -0.0000047100
   0.0000036200   -0.0000026500   -0.0000078300
  -0.0000794800    0.0000594500    0.0001352800
  -0.0000064300   -0.0000161200   -0.0000015200
   0.0019083500    0.0003054800   -0.0005347200
  -0.0010827800    0.0028256800    0.0024262900
   0.0000191300   -0.0000160500   -0.0000215200
  -0.0000406400    0.0000088000    0.0000216000
  -0.0000057900    0.0000272000    0.0000077400
  -0.0000035500   -0.0000049500    0.0000150700
  -0.0000079900   -0.0000022700    0.0000192200
  -0.0004730300    0.0020480000    0.0017908100
  -0.0000394600    0.0000143000    0.0000207600
   0.0001071600    0.0000344900   -0.0001070000
  -0.0017627300    0.0014842500   -0.0013432500
  -0.0000146000   -0.0000020800   -0.0000064900
   0.0003208700    0.0002276400    0.0007046700
   0.0000237900    0.0000093500    0.0001659500
  -0.0000174600   -0.0000170900   -0.0000081400
  -0.0000003800    0.0000192700   -0.0000019400
  -0.0000118100   -0.0000001700   -0.0000134900
  -0.0000056600    0.0000106100    0.0000036000
   0.0000243000    0.0000348900    0.0001638800
  -0.0043310100   -0.0000826600    0.0015361300
  -0.0000528100   -0.0000123100   -0.0000027800
  -0.0056569700    0.0002173100    0.0028014700
   0.0000476800   -0.0000027200   -0.0000239900
  -0.0000353500   -0.0000198400    0.0000178700
  -0.0000241600    0.0000255100    0.0000224300
  -0.0000275400    0.0000211700    0.0000262100
  -0.0000319700   -0.0000217700    0.0000147100
   0.0000478500    0.0000989600   -0.0000241200
   0.0004415600    0.0000977200    0.0009192400
  -0.0001219300   -0.0000841100    0.0001711600
  -0.0000089200   -0.0000154500    0.0000009500
   0.0000035100    0.0000104300   -0.0000083000
  -0.0000042700   -0.0000192900    0.0000001100
  -0.0000064800    0.0000169200   -0.0000021300
  -0.0006150300    0.0006454400   -0.0001122300
  -0.0000185300    0.0000161100   -0.0000084400
  -0.0000984400   -0.0000707500    0.0001964100
  -0.0003496400   -0.0018055400    0.0019060200
  -0.0000414200   -0.0000210100    0.0000187300
   0.0001914900   -0.0000823900   -0.0000251700
  -0.0000017900    0.0000090100    0.0000256100
  -0.0000270000   -0.0000149300   -0.0000131400
   0.0000023000    0.0000094900    0.0000209200
   0.0001015000   -0.0000309300    0.0000576600
  -0.0000422500   -0.0000181200    0.0000197900
  -0.0009663300   -0.0031952000    0.0025358300
   0.0019238000    0.0000000800   -0.0098825500
  -0.0000365100    0.0000852300    0.0000019300
  -0.0000358000   -0.0001245200    0.0000009100
   0.0000628000    0.0001623100   -0.0000148300
   0.0000286300   -0.0001428900    0.0000177300
  -0.0000171000    0.0000000900    0.0000014200
   0.0000623200   -0.0000480800   -0.0000144900
  -0.0000169600   -0.0000000500    0.0000014500
   0.0000298900    0.0000675800    0.0000170600
