108  
18   

1    
  0.0069924062091426   0.0000000000000000   0.0071488639241731
  -0.1427425900    0.0003787700   -0.1766627800
   0.0011175800    0.0000758700    0.0002842400
   0.0011421500   -0.0000706000    0.0002359400
  -0.0000291900   -0.0006178100    0.0002464400
  -0.0000484900    0.0005857000    0.0002734100
   0.0000714400    0.0000000200   -0.0000438400
  -0.0000482500   -0.0007319600    0.0002704400
   0.0000713700   -0.0000001000   -0.0000437900
  -0.0000297400    0.0007639200    0.0002491200
   0.0022893600   -0.0068421900   -0.0031292500
   0.0004341000    0.0005390100   -0.0000263000
   0.0000740000    0.0000391900    0.0000122600
   0.0004850900    0.0003552800   -0.0000570500
   0.0027545400    0.0067750100   -0.0032813800
   0.0000090200    0.0000168100   -0.0000175100
  -0.0000577400    0.0000162500   -0.0000156000
   0.0000144300   -0.0000600000    0.0000054200
   0.0000259700    0.0000874900   -0.0000298600
   0.0023710000    0.0063947800   -0.0031138300
   0.0025845600   -0.0064333800   -0.0034235600
   0.0001763800   -0.0000119900   -0.0000344100
  -0.0000128700   -0.0000703100   -0.0000236200
   0.0013592900   -0.0000720600   -0.0000171900
   0.0000210300    0.0000450300   -0.0000274400
   0.0011052000   -0.0000075800   -0.0000931700
   0.0000168100    0.0000130400    0.0000001800
   0.0000348300    0.0000176800    0.0000140900
   0.0022801500    0.0067831500   -0.0034093800
   0.0000384200   -0.0000390600    0.0000019100
   0.0005601000   -0.0004565800   -0.0000065700
   0.0027004000   -0.0067896200   -0.0032517500
   0.0005062700   -0.0003485000   -0.0001292700
   0.0000166400    0.0000263700   -0.0000334300
   0.0000458400   -0.0000746700   -0.0000391100
  -0.0000041800    0.0000294000    0.0000089600
  -0.0000169900   -0.0000310300   -0.0000353400
  -0.0023457400    0.0009125100    0.0016258500
  -0.0000244100   -0.0000018700    0.0000353500
  -0.0000784100   -0.0000294300    0.0000398700
   0.0014601200   -0.0021912800    0.0022690800
  -0.0001169700    0.0012928300    0.0009753800
  -0.0000377500    0.0000226500    0.0000049100
  -0.0000319900    0.0000034000    0.0000006300
  -0.0000275400    0.0000316700    0.0000370700
   0.0000072400   -0.0000259000    0.0000092100
   0.0465812500   -0.0220155300    0.0506392500
   0.0000038900    0.0000083500   -0.0000125800
   0.0002519900   -0.0004514900    0.0006305100
   0.0002286600    0.0002838500    0.0004586600
  -0.0000823400    0.0000349700   -0.0000262800
  -0.0000215800    0.0000016600    0.0000143800
   0.0000169800   -0.0000236000   -0.0000285700
   0.0000120500   -0.0000292300    0.0000125000
   0.0000164900   -0.0000802900    0.0000025200
   0.0455918600    0.0215416200    0.0492589100
   0.0001567100    0.0005478000    0.0005578900
  -0.0000154000   -0.0000072500   -0.0000091300
  -0.0000719700    0.0000058900   -0.0000363600
   0.0002359000   -0.0004264500    0.0003357100
  -0.0000278900   -0.0000015100    0.0000153100
  -0.0000016600    0.0001016400    0.0000070100
  -0.0000009100    0.0000282400    0.0000123800
   0.0000204600    0.0000076600   -0.0000240600
   0.0000474300   -0.0006435900    0.0002411600
  -0.0000387300    0.0000171600    0.0000039400
   0.0001440500    0.0001390200    0.0005699900
   0.0084563300    0.0233446300    0.0303137100
  -0.0000022100   -0.0001677700   -0.0000181500
  -0.0001421400    0.0001179800    0.0000396000
  -0.0000113100    0.0000273700   -0.0000105600
   0.0000057100   -0.0000278000    0.0000215100
  -0.0000189000    0.0000214800    0.0000034000
   0.0001759800   -0.0001618500    0.0005532600
  -0.0000496600   -0.0000093300    0.0000033600
   0.0000055600    0.0006689800    0.0000933200
   0.0082773300   -0.0228424300    0.0299616800
  -0.0002103500   -0.0000901800    0.0000384800
  -0.0000493800    0.0001282400   -0.0000480900
   0.0000038200    0.0000406600    0.0000225400
   0.0000006500   -0.0000359200   -0.0000072700
  -0.0000250600   -0.0000185000    0.0000016900
   0.0058712000   -0.0014956900    0.0103629900
   0.0006486300    0.0007896700    0.0001858500
  -0.0000043800    0.0000062700    0.0000233800
  -0.0001098100    0.0001105800    0.0000475400
   0.0007144600   -0.0001141200    0.0003427200
  -0.0000586100   -0.0000228100   -0.0000076000
   0.0001281800   -0.0000165800    0.0000185500
  -0.0000175600    0.0000123200   -0.0000047300
   0.0000259400    0.0000094400    0.0000394800
   0.0062929600    0.0011428100    0.0103095500
  -0.0000127600    0.0000018400    0.0000245000
   0.0005035700   -0.0009466300    0.0000825400
   0.0007597700    0.0003214600    0.0003203300
  -0.0001187800   -0.0001647800    0.0000272600
  -0.0000601700    0.0000203900   -0.0000119000
   0.0000261300   -0.0000069000    0.0000393800
  -0.0000171800   -0.0000186500   -0.0000055500
   0.0001133900    0.0000180500   -0.0000159300
  -0.0028382000   -0.0011263400    0.0015653800
  -0.0000637300    0.0000138400    0.0000996400
  -0.0000711800   -0.0000184500    0.0000564800
  -0.0005802400   -0.0012961300    0.0010730800
   0.0013762200    0.0024407200    0.0020626000
  -0.0000205700   -0.0000226100    0.0000131100
   0.0000036100    0.0000140700    0.0000187100
  -0.0000394800    0.0000052100    0.0000788900
  -0.0000354400    0.0000086600    0.0000078000

1    
 -0.0069924062091426   0.0000000000000000  -0.0071488639241731
   0.1427874600    0.0003766000    0.1767197300
  -0.0011030400   -0.0000728200   -0.0002749600
  -0.0011587800    0.0000722800   -0.0002446900
   0.0000313400    0.0006229900   -0.0002513500
   0.0000469800   -0.0005827900   -0.0002686900
  -0.0000714400    0.0000000300    0.0000438800
   0.0000524900    0.0007308000   -0.0002665800
  -0.0000714800   -0.0000000900    0.0000439200
   0.0000256000   -0.0007656500   -0.0002536500
  -0.0023468600    0.0067301200    0.0031976200
  -0.0004351000   -0.0005295500    0.0000274900
  -0.0000742500   -0.0000394200   -0.0000130400
  -0.0004799800   -0.0003641200    0.0000436900
  -0.0026825600   -0.0067077200    0.0034095800
  -0.0000091300   -0.0000151400    0.0000181900
   0.0000568200   -0.0000168800    0.0000167500
  -0.0000133300    0.0000605500   -0.0000057700
  -0.0000245200   -0.0000872100    0.0000293600
  -0.0026617100   -0.0064678400    0.0030607100
  -0.0022925800    0.0063718400    0.0034798200
  -0.0001767100    0.0000127800    0.0000344000
   0.0000109200    0.0000726200    0.0000240500
  -0.0013606600    0.0000718100    0.0000154500
  -0.0000191000   -0.0000429900    0.0000269100
  -0.0011060000    0.0000228000    0.0000959400
  -0.0000168100   -0.0000128200    0.0000000900
  -0.0000349100   -0.0000177400   -0.0000142600
  -0.0022287100   -0.0068951900    0.0033429500
  -0.0000386700    0.0000389300   -0.0000012000
  -0.0005583300    0.0004681300    0.0000048800
  -0.0027648100    0.0068563200    0.0031358300
  -0.0005114300    0.0003405300    0.0001481000
  -0.0000171200   -0.0000244600    0.0000329200
  -0.0000475300    0.0000751900    0.0000392600
   0.0000031300   -0.0000292000   -0.0000082900
   0.0000180500    0.0000300100    0.0000343500
   0.0023235800   -0.0009093900   -0.0016330500
   0.0000263200    0.0000001700   -0.0000374500
   0.0000780600    0.0000295900   -0.0000410700
  -0.0014952800    0.0022108800   -0.0022865700
   0.0000820200   -0.0012881000   -0.0009859000
   0.0000381600   -0.0000229000   -0.0000049800
   0.0000325300   -0.0000031900   -0.0000008100
   0.0000267100   -0.0000293800   -0.0000398000
  -0.0000071500    0.0000262500   -0.0000091200
  -0.0448494400    0.0209985400   -0.0488369900
  -0.0000044400   -0.0000098800    0.0000132700
  -0.0002330800    0.0004626000   -0.0006248600
  -0.0002142000   -0.0003038900   -0.0004506900
   0.0000834400   -0.0000329900    0.0000244100
   0.0000214700   -0.0000012300   -0.0000143900
  -0.0000175400    0.0000247700    0.0000279500
  -0.0000120700    0.0000293000   -0.0000128100
  -0.0000137900    0.0000800400   -0.0000034900
  -0.0473553100   -0.0225773000   -0.0510932200
  -0.0001770500   -0.0005376100   -0.0005654800
   0.0000159500    0.0000060900    0.0000084500
   0.0000710000   -0.0000035200    0.0000379200
  -0.0002511900    0.0004053300   -0.0003451300
   0.0000281300    0.0000019900   -0.0000154500
  -0.0000005500   -0.0001017400   -0.0000066700
   0.0000009000   -0.0000282200   -0.0000122500
  -0.0000199000   -0.0000065200    0.0000246100
  -0.0000408400    0.0006608300   -0.0002178700
   0.0000385100   -0.0000169200   -0.0000040400
  -0.0001303500   -0.0001313400   -0.0005812000
  -0.0084774700   -0.0226917600   -0.0297599100
   0.0000056400    0.0001659900    0.0000174300
   0.0001455100   -0.0001161500   -0.0000381700
   0.0000107300   -0.0000288700    0.0000090200
  -0.0000069300    0.0000279900   -0.0000202100
   0.0000191200   -0.0000211300   -0.0000035200
  -0.0001879900    0.0001693400   -0.0005413200
   0.0000499400    0.0000095600   -0.0000034200
  -0.0000120600   -0.0006514100   -0.0001160500
  -0.0082595400    0.0235017000   -0.0305313600
   0.0002071200    0.0000910000   -0.0000410600
   0.0000458300   -0.0001303000    0.0000482400
  -0.0000030000   -0.0000406800   -0.0000237500
  -0.0000001100    0.0000345100    0.0000085800
   0.0000248600    0.0000188600   -0.0000017400
  -0.0058008200    0.0015437100   -0.0103355800
  -0.0006388900   -0.0008026600   -0.0001688400
   0.0000050400   -0.0000053000   -0.0000246000
   0.0001095700   -0.0001135600   -0.0000453100
  -0.0007171900    0.0001177000   -0.0003580900
   0.0000582500    0.0000227000    0.0000073300
  -0.0001282800    0.0000156000   -0.0000176300
   0.0000173600   -0.0000121300    0.0000046200
  -0.0000255400   -0.0000086800   -0.0000391600
  -0.0063703000   -0.0010951500   -0.0103441200
   0.0000121700   -0.0000008300   -0.0000235200
  -0.0005137000    0.0009333500   -0.0000978400
  -0.0007572400   -0.0003158400   -0.0003025900
   0.0001183200    0.0001623700   -0.0000302300
   0.0000605500   -0.0000204700    0.0000120100
  -0.0000267000    0.0000075100   -0.0000397100
   0.0000173600    0.0000189100    0.0000055300
  -0.0001136200   -0.0000189200    0.0000145200
   0.0028626600    0.0011325100   -0.0015641400
   0.0000643700   -0.0000139700   -0.0000981000
   0.0000691600    0.0000164400   -0.0000548900
   0.0006147700    0.0013053600   -0.0010659200
  -0.0013428800   -0.0024205100   -0.0020579400
   0.0000203600    0.0000224000   -0.0000133000
  -0.0000037900   -0.0000138400   -0.0000186500
   0.0000404200   -0.0000018500   -0.0000756600
   0.0000350900   -0.0000084200   -0.0000076600

10   
  0.0100000000000000   0.0000000000000000   0.0000000000000000
   0.0032737400    0.0093620100    0.0000450900
   0.0000793200   -0.0000201400    0.0000250900
   0.0007168600    0.0007037500   -0.0000871200
  -0.0000537100   -0.0000475400   -0.0000276000
   0.0000518600    0.0001165300   -0.0000150100
   0.0000061800    0.0000136500    0.0000123800
   0.0007105700    0.0005109300   -0.0000180900
   0.0000178500    0.0000751500   -0.0000052600
   0.0038278600   -0.0094163800   -0.0000127000
  -0.2088154000    0.0009498500   -0.0017858400
   0.0011381800    0.0003849400    0.0000397300
   0.0011020400   -0.0002430500   -0.0000718700
  -0.0001346600   -0.0003376000   -0.0000561000
   0.0000031600    0.0004619800    0.0000445200
   0.0000440900    0.0000018400    0.0000030200
  -0.0001288900   -0.0009754700   -0.0000334800
   0.0000440100    0.0000015800   -0.0000058500
  -0.0000028300    0.0009007100    0.0000022900
   0.0030286900   -0.0077791900   -0.0003133700
   0.0003696000   -0.0005697400   -0.0000058400
   0.0000161000    0.0000413900    0.0000116800
   0.0000384900   -0.0000562600   -0.0000066000
   0.0000002300    0.0000491900   -0.0000158500
  -0.0000009400   -0.0000572700   -0.0000281900
   0.0032009700    0.0078410700   -0.0009673600
   0.0000007000   -0.0000583300    0.0000258800
   0.0004372000   -0.0005895100    0.0001230300
   0.0053601600   -0.0091377900   -0.0003542900
   0.0001819600   -0.0000260800    0.0000081100
   0.0012160300    0.0086394400    0.0006757800
   0.0015585200   -0.0001200200    0.0000268500
   0.0000267200    0.0000448100   -0.0000092100
   0.0000039100   -0.0000503900    0.0000092800
   0.0000257300    0.0000409300   -0.0000034900
   0.0000050300   -0.0000350600   -0.0000105500
   0.0015582300   -0.0000370400    0.0000087400
   0.0372736900   -0.0152332900   -0.0301370100
   0.0000617100   -0.0000046900    0.0000098100
   0.0004251100   -0.0010496600   -0.0006117100
   0.0006172000    0.0004886400   -0.0000731200
  -0.0000936400    0.0000127500    0.0000413900
  -0.0000225200    0.0000038900   -0.0000164800
   0.0000452300   -0.0000458700    0.0000495600
  -0.0000013100   -0.0000208700   -0.0000075500
   0.0000006900   -0.0000759000    0.0000109400
   0.0008257600    0.0024397200    0.0008846100
  -0.0000481700    0.0000046600    0.0000006000
   0.0011006100   -0.0026381600   -0.0008706000
  -0.0000419900   -0.0000165200   -0.0000199100
  -0.0000169200   -0.0000136400    0.0000014100
  -0.0000268200    0.0000075500    0.0000104900
  -0.0000674600    0.0000176200    0.0000367400
  -0.0000715600   -0.0000096100   -0.0000486700
  -0.0035160000    0.0001679900   -0.0002095900
   0.0111783900    0.0003878200   -0.0003298200
  -0.0000554400   -0.0001495900    0.0000425000
  -0.0000594800    0.0001107000   -0.0000471700
   0.0000093700    0.0000078500    0.0000203400
  -0.0000138800   -0.0000058700   -0.0000317600
  -0.0000174100   -0.0000039800   -0.0000041000
   0.0001442000   -0.0006133000    0.0003620100
  -0.0000437500    0.0000030700    0.0000002000
   0.0000807900    0.0006444800   -0.0003041100
   0.0002594500    0.0008207600   -0.0000729200
   0.0000603800    0.0000106400    0.0000549300
   0.0374098300    0.0156012900   -0.0292770700
   0.0006278100   -0.0004492500   -0.0000860700
  -0.0000325500   -0.0000140300   -0.0000132500
  -0.0000842900    0.0000209200    0.0000970900
  -0.0000008000    0.0000231900   -0.0000045500
   0.0000518000    0.0000590000    0.0000560400
   0.0000556500   -0.0000097400    0.0000510300
   0.0004391600    0.0009632100    0.0004028800
   0.0000577300    0.0000100500   -0.0000297600
   0.0387961800    0.0159686800    0.0302671900
   0.0006621600   -0.0005300700    0.0000467300
  -0.0000397700   -0.0000128800    0.0000094800
  -0.0001227500    0.0000169200   -0.0000675700
  -0.0000027900    0.0000228200    0.0000106100
   0.0000496700    0.0000594800   -0.0000527400
   0.0000777500    0.0000087500   -0.0000270000
   0.0114925900   -0.0000808400    0.0004869600
  -0.0000119200   -0.0001520600   -0.0000427400
  -0.0000818000    0.0001143900    0.0000477800
   0.0000023100   -0.0000242400   -0.0000118500
  -0.0000256500   -0.0000012900    0.0000399500
  -0.0000172300    0.0000012500    0.0000003500
   0.0000499000   -0.0003498600   -0.0000058500
  -0.0000422700    0.0000015100    0.0000022500
   0.0000670800    0.0007602900    0.0003388100
   0.0008018400    0.0026891000   -0.0009094900
  -0.0000477400   -0.0000034700   -0.0000064300
   0.0010631900   -0.0026715700    0.0011814000
  -0.0000443300    0.0000057300    0.0000031700
  -0.0000212500   -0.0000223800    0.0000092600
  -0.0000177600    0.0000135100   -0.0000111700
  -0.0000757300    0.0000223300   -0.0000346000
  -0.0000727300   -0.0000171700    0.0000113000
  -0.0038101900    0.0002683000    0.0001521600
   0.0446223400   -0.0171514000    0.0317913200
   0.0000861700   -0.0000426100   -0.0000501900
   0.0007160400   -0.0010168000   -0.0000845800
   0.0005512200    0.0001334000   -0.0000538900
  -0.0001062800    0.0000241100   -0.0000971400
  -0.0000238200    0.0000115600    0.0000112000
   0.0000297300   -0.0000377900   -0.0000857400
  -0.0000033000   -0.0000160700    0.0000264400
   0.0000810500   -0.0000263400   -0.0000605900

10   
 -0.0100000000000000   0.0000000000000000   0.0000000000000000
  -0.0032613400   -0.0093079800   -0.0000439700
  -0.0000814500    0.0000233300   -0.0000246300
  -0.0007043600   -0.0007215000    0.0000872400
   0.0000537300    0.0000490700    0.0000280800
  -0.0000504800   -0.0001155300    0.0000150200
  -0.0000080000   -0.0000137800   -0.0000120700
  -0.0007069300   -0.0004962900    0.0000187400
  -0.0000184800   -0.0000751300    0.0000057300
  -0.0039689200    0.0093464100    0.0000070100
   0.2085419600    0.0009464900    0.0016637300
  -0.0010994600   -0.0003760600   -0.0000368000
  -0.0011355400    0.0002487300    0.0000765900
   0.0001330800    0.0003479700    0.0000573700
   0.0000015400   -0.0004499900   -0.0000439300
  -0.0000439100   -0.0000022200   -0.0000027900
   0.0001388600    0.0009628900    0.0000354100
  -0.0000439600   -0.0000024400    0.0000058600
  -0.0000044400   -0.0009136500   -0.0000022600
  -0.0030268000    0.0078428500    0.0003164700
  -0.0003813500    0.0005569600    0.0000069300
  -0.0000144400   -0.0000390600   -0.0000114300
  -0.0000401000    0.0000573900    0.0000071100
  -0.0000007700   -0.0000482900    0.0000159400
   0.0000023500    0.0000570800    0.0000284800
  -0.0030614700   -0.0079129300    0.0009734900
  -0.0000005000    0.0000586200   -0.0000254800
  -0.0004321000    0.0006056500   -0.0001228500
  -0.0048754800    0.0089093600    0.0003764400
  -0.0001825600    0.0000253300   -0.0000078500
  -0.0016389200   -0.0088362900   -0.0006821500
  -0.0015611100    0.0001209700   -0.0000261700
  -0.0000245900   -0.0000432100    0.0000093100
  -0.0000060600    0.0000523300   -0.0000090800
  -0.0000255500   -0.0000418600    0.0000036300
  -0.0000048900    0.0000335400    0.0000106600
  -0.0015616800    0.0000672300   -0.0000076300
  -0.0365261700    0.0147604900    0.0291464400
  -0.0000605800    0.0000036600   -0.0000100100
  -0.0004325100    0.0010539200    0.0006004400
  -0.0006119300   -0.0004908300    0.0000874100
   0.0000928700   -0.0000110200   -0.0000404100
   0.0000227300   -0.0000039900    0.0000165700
  -0.0000446500    0.0000461900   -0.0000498200
   0.0000013000    0.0000211200    0.0000077500
  -0.0000015200    0.0000746400   -0.0000109100
  -0.0008342200   -0.0024192500   -0.0008600200
   0.0000483600   -0.0000053600   -0.0000009700
  -0.0010866700    0.0026525300    0.0008852400
   0.0000418300    0.0000199200    0.0000235500
   0.0000168200    0.0000139400   -0.0000016400
   0.0000271000   -0.0000073000   -0.0000106500
   0.0000681200   -0.0000186400   -0.0000348900
   0.0000707000    0.0000087500    0.0000501800
   0.0035210500   -0.0001444500    0.0002170200
  -0.0111836800   -0.0001537000    0.0001483100
   0.0000576400    0.0001464400   -0.0000439800
   0.0000558700   -0.0001138300    0.0000454800
  -0.0000093000   -0.0000078000   -0.0000201100
   0.0000137400    0.0000059300    0.0000317400
   0.0000174000    0.0000042200    0.0000043500
  -0.0001458200    0.0006174900   -0.0003589300
   0.0000436300   -0.0000030900   -0.0000003100
  -0.0000815400   -0.0006399800    0.0003050500
  -0.0002483600   -0.0008191300    0.0000862800
  -0.0000614200   -0.0000114400   -0.0000560100
  -0.0381780500   -0.0160871400    0.0302931400
  -0.0006333100    0.0004483200    0.0000673000
   0.0000325900    0.0000141100    0.0000132200
   0.0000838000   -0.0000178500   -0.0000973200
   0.0000007800   -0.0000229400    0.0000044600
  -0.0000523700   -0.0000587000   -0.0000560800
  -0.0000541600    0.0000088100   -0.0000511700
  -0.0004323500   -0.0009590700   -0.0004165600
  -0.0000588500   -0.0000109900    0.0000296900
  -0.0395939400   -0.0164640900   -0.0312959000
  -0.0006689100    0.0005268800   -0.0000291200
   0.0000398900    0.0000130200   -0.0000094200
   0.0001236300   -0.0000140900    0.0000681900
   0.0000028900   -0.0000224800   -0.0000104100
  -0.0000503400   -0.0000592200    0.0000528600
  -0.0000762100   -0.0000094000    0.0000267000
  -0.0115156900    0.0002905000   -0.0003303600
   0.0000145200    0.0001491800    0.0000436300
   0.0000783000   -0.0001165500   -0.0000456200
  -0.0000022300    0.0000249500    0.0000117600
   0.0000253300    0.0000010900   -0.0000398600
   0.0000172500   -0.0000010700   -0.0000005300
  -0.0000479700    0.0003509400    0.0000029300
   0.0000422200   -0.0000015500   -0.0000020500
  -0.0000680600   -0.0007563800   -0.0003400500
  -0.0008166400   -0.0026684000    0.0008827000
   0.0000478500    0.0000025900    0.0000067700
  -0.0010500700    0.0026929800   -0.0012015100
   0.0000445600   -0.0000028000   -0.0000059900
   0.0000209500    0.0000227100   -0.0000091300
   0.0000181400   -0.0000131600    0.0000113800
   0.0000760900   -0.0000230400    0.0000329400
   0.0000721000    0.0000161500   -0.0000124600
   0.0038101800   -0.0002417000   -0.0001626500
  -0.0435835700    0.0165195800   -0.0306611100
  -0.0000851200    0.0000414400    0.0000488500
  -0.0007326100    0.0010201800    0.0000995500
  -0.0005494800   -0.0001339000    0.0000306700
   0.0001060700   -0.0000222600    0.0000961500
   0.0000238300   -0.0000112900   -0.0000110500
  -0.0000291900    0.0000380700    0.0000851800
   0.0000032400    0.0000163800   -0.0000266200
  -0.0000817500    0.0000247500    0.0000596300

10   
  0.0000000000000000   0.0000000000000000   0.0100000000000000
   0.0002121300    0.0002538100   -0.0045724400
   0.0000080000    0.0000075300    0.0000099500
  -0.0000147000    0.0000084900   -0.0000215900
   0.0000135700   -0.0000041900   -0.0000357500
   0.0000074700   -0.0000043100   -0.0000479400
  -0.0000025100   -0.0000106900    0.0000099400
   0.0000625500   -0.0000361000   -0.0001326900
   0.0000104100   -0.0000096500   -0.0000357500
  -0.0001137400   -0.0003106000   -0.0045724500
  -0.0017319200    0.0009996500   -0.2480045900
  -0.0000769700    0.0000195400    0.0005020900
   0.0000417900    0.0000583200    0.0005025600
  -0.0000295300   -0.0000653300    0.0005025700
  -0.0000003800   -0.0000518200    0.0006521700
  -0.0000057600    0.0000033100   -0.0000663700
  -0.0000553400    0.0000569100    0.0005021000
   0.0000029000   -0.0000016600   -0.0000663500
   0.0000446900    0.0000262400    0.0006521700
  -0.0010683400    0.0002740500   -0.0065616100
   0.0000982500    0.0000876500    0.0002175600
  -0.0000051200   -0.0000148400    0.0000210100
  -0.0000153600    0.0000005100   -0.0000339500
   0.0000017200    0.0000122000    0.0000210200
   0.0000302600    0.0000127200    0.0000148200
  -0.0005957500   -0.0008500300   -0.0054518700
  -0.0000193700   -0.0000220600    0.0000144500
  -0.0000130800    0.0000033000    0.0002176500
   0.0004382700    0.0009409900   -0.0054518500
  -0.0000081300    0.0000130700   -0.0000339300
  -0.0007714800    0.0007882200   -0.0065615900
  -0.0000093900    0.0000096700    0.0002176600
   0.0000041100   -0.0000325700    0.0000148200
   0.0000102900    0.0000118400    0.0000209900
   0.0000094300    0.0000278200    0.0000144500
  -0.0000097100   -0.0000076000    0.0000210100
  -0.0000267600   -0.0001289000    0.0002175600
  -0.0276210100    0.0159470000    0.0417685800
  -0.0000099900   -0.0000063600   -0.0000136300
   0.0004667800   -0.0001330800    0.0005817100
   0.0003486300   -0.0003377000    0.0005817200
  -0.0000870300   -0.0001591600   -0.0000584100
  -0.0000256500    0.0000148100   -0.0000058000
   0.0000004900    0.0000118300   -0.0000136400
  -0.0000201100    0.0000116100   -0.0000042500
   0.0000943200    0.0001549400   -0.0000584200
   0.0016037500    0.0009307600    0.0020829900
  -0.0000002800   -0.0000318800    0.0000046700
  -0.0013892200    0.0008020700    0.0025461200
   0.0000104300   -0.0000394700    0.0000370600
  -0.0000313400    0.0000181000    0.0000113200
   0.0000274700    0.0000161700    0.0000046700
  -0.0000219800    0.0000126900    0.0000633100
   0.0000394000    0.0000107000    0.0000370500
  -0.0000042000   -0.0018542700    0.0020829800
  -0.0003648800   -0.0335922000    0.0423140600
  -0.0001844600    0.0000016000   -0.0000360600
   0.0001630700    0.0000065000   -0.0000097500
   0.0000128900    0.0000042400   -0.0000011800
  -0.0000185400   -0.0000106600   -0.0000197700
  -0.0000001800   -0.0000277000   -0.0000043000
   0.0000393400    0.0006138300    0.0005171100
  -0.0000040500   -0.0000206400    0.0000069400
   0.0000773400    0.0005961800    0.0004549700
   0.0002509600    0.0002490700    0.0007458200
   0.0000112500    0.0000082900    0.0000027100
  -0.0284668900   -0.0168443700    0.0431065500
   0.0003938600    0.0003456400    0.0005704000
  -0.0000240200   -0.0000137500   -0.0000031900
  -0.0000911300    0.0001486900   -0.0000243500
  -0.0000202200   -0.0000070300    0.0000034300
   0.0000007800   -0.0000115600   -0.0000092500
   0.0000875500   -0.0001285700   -0.0000412500
  -0.0005119200   -0.0003409800    0.0005171100
   0.0000027600   -0.0000132700   -0.0000011800
   0.0289092600    0.0171120800    0.0423140600
  -0.0004776300   -0.0003650600    0.0004549700
   0.0000239100    0.0000140000   -0.0000043000
   0.0000758900   -0.0001444800   -0.0000097500
   0.0000158500    0.0000138100    0.0000069400
  -0.0000000500    0.0000213800   -0.0000197800
  -0.0000936100    0.0001589600   -0.0000360600
   0.0003542000    0.0330752300    0.0431065500
   0.0001551200   -0.0000115300   -0.0000412500
  -0.0001743400    0.0000045800   -0.0000243400
  -0.0000015400   -0.0000138900    0.0000027100
   0.0000104100    0.0000051000   -0.0000092500
  -0.0000001100    0.0000276700   -0.0000031800
  -0.0000902200   -0.0003418700    0.0007458200
  -0.0000040300    0.0000210400    0.0000034200
  -0.0001023900   -0.0005139100    0.0005704000
  -0.0014650500   -0.0011801900    0.0020943100
   0.0000016700    0.0000276400    0.0000005100
   0.0014315400   -0.0008264900    0.0025813500
  -0.0000107100    0.0000568800    0.0000258900
   0.0000282900   -0.0000163400    0.0000092400
  -0.0000231000   -0.0000152800    0.0000005100
   0.0000399700   -0.0000230700    0.0000606500
  -0.0000546100   -0.0000191600    0.0000258900
   0.0002895500    0.0018588800    0.0020943100
   0.0303561500   -0.0175261200    0.0439052500
  -0.0000038700    0.0000103800    0.0000120300
  -0.0002180200   -0.0000613000    0.0008742200
  -0.0000559200    0.0002194600    0.0008742300
   0.0000303200    0.0001733100   -0.0000314600
   0.0000204900   -0.0000118300   -0.0000064900
  -0.0000109300   -0.0000018300    0.0000120300
   0.0000219400   -0.0000126600    0.0000093900
  -0.0001349300   -0.0001129100   -0.0000314500

10   
  0.0000000000000000   0.0000000000000000  -0.0100000000000000
  -0.0000921300   -0.0001722800    0.0045742800
  -0.0000078900   -0.0000066600   -0.0000098700
   0.0000155800   -0.0000090100    0.0000237500
  -0.0000131700    0.0000056900    0.0000357200
  -0.0000063100    0.0000036400    0.0000481100
   0.0000018300    0.0000101500   -0.0000098900
  -0.0000637600    0.0000368400    0.0001317000
  -0.0000115000    0.0000085800    0.0000357100
   0.0001031300    0.0001659400    0.0045742600
   0.0017190400   -0.0009922400    0.2481823200
   0.0000712600   -0.0000260200   -0.0005006100
  -0.0000350100   -0.0000657100   -0.0005001600
   0.0000393000    0.0000631500   -0.0005001600
  -0.0000049600    0.0000477600   -0.0006524100
   0.0000059000   -0.0000034400    0.0000664600
   0.0000580900   -0.0000487500   -0.0005006300
  -0.0000029400    0.0000017100    0.0000664600
  -0.0000438200   -0.0000195900   -0.0006524300
   0.0009195800   -0.0001463100    0.0065611500
  -0.0000946200   -0.0000850000   -0.0002158100
   0.0000054600    0.0000157300   -0.0000210300
   0.0000144200   -0.0000008800    0.0000342200
  -0.0000030600   -0.0000117700   -0.0000209900
  -0.0000282700   -0.0000128300   -0.0000141100
   0.0006143600    0.0006924300    0.0054770800
   0.0000188200    0.0000213200   -0.0000144400
   0.0000160700    0.0000012400   -0.0002156000
  -0.0002924900   -0.0008783000    0.0054770900
   0.0000079700   -0.0000120600    0.0000342500
   0.0005864700   -0.0007232600    0.0065611800
   0.0000070100   -0.0000145300   -0.0002156100
  -0.0000029900    0.0000308900   -0.0000141100
  -0.0000108800   -0.0000125900   -0.0000210600
  -0.0000090500   -0.0000269800   -0.0000144500
   0.0000086700    0.0000085300   -0.0000210000
   0.0000262900    0.0001244500   -0.0002158300
   0.0285931700   -0.0165082800   -0.0427530200
   0.0000087400    0.0000066700    0.0000135700
  -0.0004470600    0.0001314000   -0.0005929200
  -0.0003373200    0.0003214700   -0.0005929200
   0.0000877900    0.0001563800    0.0000576200
   0.0000258500   -0.0000149200    0.0000059500
  -0.0000014200   -0.0000109400    0.0000135900
   0.0000205200   -0.0000118600    0.0000045500
  -0.0000915300   -0.0001542300    0.0000576400
  -0.0015851700   -0.0009230200   -0.0020847600
   0.0000005800    0.0000313800   -0.0000046300
   0.0013758100   -0.0007943300   -0.0025429000
  -0.0000105200    0.0000409800   -0.0000361700
   0.0000311500   -0.0000179700   -0.0000114500
  -0.0000268600   -0.0000162000   -0.0000046300
   0.0000237600   -0.0000137100   -0.0000620700
  -0.0000407600   -0.0000113500   -0.0000361800
   0.0000067600    0.0018343000   -0.0020847600
   0.0003647700    0.0346899900   -0.0432322000
   0.0001833600    0.0000008400    0.0000351700
  -0.0001610100   -0.0000036500    0.0000091600
  -0.0000124100   -0.0000060000    0.0000017000
   0.0000184300    0.0000093500    0.0000201200
   0.0000002700    0.0000277700    0.0000044200
  -0.0000430200   -0.0005987900   -0.0005283800
   0.0000043200    0.0000208700   -0.0000067300
  -0.0000727400   -0.0005837000   -0.0004658400
  -0.0002578300   -0.0002497500   -0.0007395800
  -0.0000097000   -0.0000075800   -0.0000030400
   0.0275221600    0.0163159300   -0.0421981100
  -0.0004045000   -0.0003568500   -0.0005573400
   0.0000241100    0.0000137200    0.0000029500
   0.0000898200   -0.0001509800    0.0000240200
   0.0000201800    0.0000066500   -0.0000035200
   0.0000004100    0.0000126600    0.0000087900
  -0.0000902500    0.0001286300    0.0000412100
   0.0004970600    0.0003366600   -0.0005283900
  -0.0000009800    0.0000137400    0.0000017000
  -0.0298600300   -0.0176609100   -0.0432321900
   0.0004691400    0.0003548600   -0.0004658400
  -0.0000239000   -0.0000141400    0.0000044100
  -0.0000773600    0.0001412600    0.0000091800
  -0.0000159100   -0.0000141700   -0.0000067400
   0.0000011100   -0.0000206400    0.0000201000
   0.0000909400   -0.0001592000    0.0000351500
  -0.0003689300   -0.0319928500   -0.0421981100
  -0.0001565100    0.0000138500    0.0000411900
   0.0001756700   -0.0000023100    0.0000240200
   0.0000017000    0.0000122000   -0.0000030300
  -0.0000107600   -0.0000066900    0.0000087800
   0.0000001400   -0.0000277400    0.0000029500
   0.0000873800    0.0003481700   -0.0007395700
   0.0000043400   -0.0000207900   -0.0000035300
   0.0001067900    0.0005287300   -0.0005573400
   0.0014800300    0.0011842200   -0.0020992700
  -0.0000015500   -0.0000280300   -0.0000004300
  -0.0014373700    0.0008298700   -0.0025797000
   0.0000107600   -0.0000554800   -0.0000268800
  -0.0000286300    0.0000165400   -0.0000091800
   0.0000235200    0.0000153500   -0.0000004300
  -0.0000386000    0.0000222900   -0.0000616000
   0.0000534300    0.0000184300   -0.0000268900
  -0.0002855500   -0.0018738500   -0.0020992700
  -0.0293944700    0.0169709000   -0.0431272000
   0.0000025800   -0.0000094600   -0.0000124900
   0.0002307600    0.0000599600   -0.0008649600
   0.0000634400   -0.0002298300   -0.0008649400
  -0.0000295400   -0.0001756600    0.0000316400
  -0.0000203100    0.0000117200    0.0000065200
   0.0000094900    0.0000024800   -0.0000125000
  -0.0000215300    0.0000124100   -0.0000096600
   0.0001373600    0.0001133900    0.0000316300

37   
  0.0069924062091426   0.0000000000000000   0.0071488639241731
  -0.0023514000    0.0007623800    0.0016274200
  -0.0000512800   -0.0000142600    0.0000133600
  -0.0000549500    0.0000161300    0.0000649500
  -0.0000176600    0.0000127000   -0.0000141900
  -0.0000090500   -0.0000175800    0.0000242900
  -0.0000267900   -0.0000025300    0.0000396700
   0.0013403200   -0.0021341400    0.0024161500
  -0.0000395700    0.0000052200    0.0000050300
   0.0000128900    0.0013622800    0.0008471100
   0.0046823700    0.0017153900    0.0104881500
  -0.0001158000    0.0000825600    0.0007423400
   0.0000488800   -0.0000620300   -0.0000155700
   0.0000669700    0.0000032000   -0.0000087800
   0.0000086700    0.0000169200    0.0000237000
  -0.0000064800   -0.0000116700   -0.0000174900
   0.0003826100   -0.0002045500    0.0006621800
  -0.0000283700    0.0000095900   -0.0000224200
  -0.0000366300   -0.0000829700   -0.0001019100
   0.0003917000    0.0003010400    0.0003431500
  -0.0003508100   -0.0008554300    0.0005037900
  -0.0000265200   -0.0000066800   -0.0000031600
   0.0000354300    0.0000072700   -0.0000021100
  -0.0000117000   -0.0000135800   -0.0000044500
  -0.0000215900    0.0000418000   -0.0000162300
   0.0076509700   -0.0247372600    0.0304377500
  -0.0000929700    0.0000115900    0.0000852200
  -0.0000495200    0.0000319800   -0.0001668200
   0.0479650100    0.0232777900    0.0509165100
   0.0000353700   -0.0000107400   -0.0000025900
   0.0007165000   -0.0004471800    0.0001070000
  -0.0000073900   -0.0000757400   -0.0001068800
  -0.0000034500    0.0000212100   -0.0000099300
   0.0000051300    0.0000182200    0.0000112200
  -0.0000965400    0.0000979900    0.0000195700
  -0.0000047400    0.0000039900    0.0000135800
   0.0004808200    0.0011230500    0.0001876100
  -0.0736008500   -0.0002869900   -0.0997895400
   0.0000414400    0.0000135300   -0.0001316600
   0.0000396700    0.0000649600   -0.0001265000
  -0.0000237600   -0.0000607900   -0.0001613800
   0.0000459600    0.0000244000   -0.0000973000
   0.0000054400    0.0000000600    0.0000097600
  -0.0000226200   -0.0000117100   -0.0001641600
   0.0000055800   -0.0000000600    0.0000096100
   0.0000451000   -0.0000288600   -0.0000949200
  -0.0008755200    0.0032219600    0.0016488500
   0.0000049400   -0.0000036100    0.0000117800
   0.0000200100   -0.0000191300   -0.0002055600
  -0.0000021200   -0.0000096300    0.0000119100
  -0.0000001700   -0.0000003400    0.0000073800
  -0.0000044400    0.0000021600    0.0000098700
   0.0000519900   -0.0000441900   -0.0001517100
  -0.0000058400    0.0000098000    0.0000024600
  -0.0022264700   -0.0004771400    0.0006123000
   0.0014998200   -0.0031736100   -0.0023620400
  -0.0000435400   -0.0000107700    0.0000048000
   0.0000253800   -0.0000015000   -0.0000173700
  -0.0000006600   -0.0000214900   -0.0000054400
   0.0000077100    0.0000050300   -0.0000199400
   0.0000033700   -0.0000055300   -0.0000114200
   0.0007804300   -0.0022012000   -0.0014843400
   0.0000329800   -0.0000106500   -0.0000275400
  -0.0000878300   -0.0000455700    0.0000949000
   0.0020175000   -0.0016856800    0.0012898900
  -0.0000008200    0.0000033600    0.0000085100
  -0.0003859300   -0.0003524300   -0.0007659900
  -0.0000244600   -0.0000251800   -0.0002174800
   0.0000088700    0.0000101500    0.0000086100
  -0.0000108500   -0.0000116400    0.0000047600
  -0.0000032900    0.0000091500    0.0000180000
  -0.0000042800   -0.0000167600   -0.0000009300
  -0.0000140600   -0.0000681800   -0.0001950700
   0.0051077800    0.0000242500   -0.0011458400
   0.0000366900    0.0000107500    0.0000035700
   0.0064889500   -0.0002282800   -0.0029026600
  -0.0000085300    0.0000088300    0.0000477800
   0.0000304800    0.0000234000   -0.0000101200
   0.0000107800   -0.0000188700   -0.0000222400
   0.0000247800   -0.0000177300   -0.0000255100
   0.0000254500    0.0000103600   -0.0000105100
  -0.0000243400   -0.0000885500    0.0000033100
  -0.0002975300   -0.0000912100   -0.0011166900
   0.0001367700    0.0000876100   -0.0001832700
  -0.0000032900    0.0000213600    0.0000016800
  -0.0000059100   -0.0000029100    0.0000096700
   0.0000040700    0.0000143500    0.0000050400
   0.0000070200   -0.0000180700    0.0000036100
   0.0007411700   -0.0005826900   -0.0000973800
   0.0000013500   -0.0000069000    0.0000145400
   0.0000928700    0.0000677000   -0.0002830100
   0.0005805600    0.0020066400   -0.0016969800
   0.0000390500    0.0000165700   -0.0000150200
  -0.0001962800    0.0000995900    0.0000032600
   0.0000010000   -0.0000018200   -0.0000161900
   0.0000183100    0.0000107400    0.0000127100
  -0.0000027700   -0.0000134800   -0.0000211900
  -0.0000736600    0.0000378200   -0.0000002900
   0.0000267500    0.0000146900   -0.0000087800
   0.0013533100    0.0035766500   -0.0025759900
  -0.0016922400    0.0000013200    0.0131679200
   0.0000442000   -0.0000519700   -0.0000110300
   0.0000110200    0.0001439700    0.0000292800
  -0.0000910000   -0.0001684600    0.0000259000
   0.0000056600    0.0001520300   -0.0000072400
   0.0000064500    0.0000000300   -0.0000013000
  -0.0000934500    0.0000304300    0.0000056200
   0.0000048400   -0.0000000100   -0.0000057800
  -0.0000294500   -0.0001060500    0.0000127800

37   
 -0.0069924062091426   0.0000000000000000  -0.0071488639241731
   0.0023176900   -0.0007692500   -0.0016316500
   0.0000485500    0.0000118700   -0.0000118200
   0.0000530300   -0.0000146800   -0.0000637600
   0.0000163100   -0.0000116500    0.0000145100
   0.0000077600    0.0000166700   -0.0000240400
   0.0000278300    0.0000021600   -0.0000372900
  -0.0013633900    0.0021226200   -0.0023852800
   0.0000366100   -0.0000046700   -0.0000047700
  -0.0000395800   -0.0013636100   -0.0008689200
  -0.0045467400   -0.0017796600   -0.0106306900
   0.0001507600   -0.0000842400   -0.0007362700
  -0.0000505900    0.0000630000    0.0000173000
  -0.0000669000   -0.0000025700    0.0000098300
  -0.0000083700   -0.0000174300   -0.0000232200
   0.0000064100    0.0000112700    0.0000175400
  -0.0003621500    0.0001821800   -0.0006572700
   0.0000270800   -0.0000093700    0.0000225800
   0.0000353100    0.0000827400    0.0001033600
  -0.0004089400   -0.0002853200   -0.0003373500
   0.0003525500    0.0008635800   -0.0004950400
   0.0000261100    0.0000062300    0.0000031700
  -0.0000346700   -0.0000062400    0.0000033800
   0.0000109000    0.0000137900    0.0000044500
   0.0000217500   -0.0000429300    0.0000178100
  -0.0076298700    0.0241941300   -0.0299821900
   0.0000911200   -0.0000082500   -0.0000839400
   0.0000488900   -0.0000337200    0.0001683600
  -0.0460335100   -0.0221728600   -0.0488268900
  -0.0000357700    0.0000115300    0.0000040500
  -0.0007498500    0.0004558600   -0.0000934900
   0.0000067800    0.0000755400    0.0001060500
   0.0000044100   -0.0000221400    0.0000109900
  -0.0000043200   -0.0000176300   -0.0000111700
   0.0000923500   -0.0000991900   -0.0000196800
   0.0000032800   -0.0000044300   -0.0000136400
  -0.0004928500   -0.0011323900   -0.0001721400
   0.0716691000   -0.0002709200    0.0972265800
  -0.0000412100   -0.0000138900    0.0001297100
  -0.0000341900   -0.0000657100    0.0001263400
   0.0000249800    0.0000591500    0.0001606900
  -0.0000468400   -0.0000240500    0.0000949100
  -0.0000053500    0.0000000800   -0.0000099700
   0.0000217600    0.0000125300    0.0001621900
  -0.0000051900   -0.0000000500   -0.0000101100
  -0.0000433000    0.0000335600    0.0000930200
   0.0008644500   -0.0031654200   -0.0016111700
  -0.0000039400    0.0000034800   -0.0000120000
  -0.0000199900    0.0000211000    0.0002079900
   0.0000024000    0.0000091800   -0.0000121600
   0.0000000200    0.0000008500   -0.0000074500
   0.0000043100   -0.0000022800   -0.0000100300
  -0.0000443300    0.0000406000    0.0001539000
   0.0000069100   -0.0000097000   -0.0000027400
   0.0022137800    0.0004748900   -0.0006075100
  -0.0014961700    0.0031679900    0.0023645100
   0.0000402900    0.0000099900   -0.0000060000
  -0.0000248200    0.0000013800    0.0000169700
   0.0000007500    0.0000210000    0.0000048600
  -0.0000076300   -0.0000046700    0.0000197300
  -0.0000035300    0.0000058400    0.0000107900
  -0.0008105000    0.0021948400    0.0014577100
  -0.0000321100    0.0000101600    0.0000273800
   0.0000883900    0.0000465200   -0.0000958800
  -0.0020071400    0.0016954400   -0.0012707900
   0.0000014500   -0.0000033400   -0.0000086300
   0.0004051800    0.0003670100    0.0007534100
   0.0000260800    0.0000266300    0.0002209700
  -0.0000084500   -0.0000089900   -0.0000089300
   0.0000109500    0.0000112500   -0.0000049700
   0.0000036800   -0.0000091800   -0.0000180200
   0.0000047900    0.0000174300    0.0000007900
   0.0000156500    0.0000681400    0.0001940600
  -0.0050236000   -0.0000125300    0.0011133200
  -0.0000354900   -0.0000110000   -0.0000041300
  -0.0065644900    0.0002228400    0.0029256800
   0.0000081400   -0.0000082200   -0.0000500200
  -0.0000300500   -0.0000227100    0.0000097000
  -0.0000105000    0.0000185000    0.0000218800
  -0.0000245000    0.0000177000    0.0000259300
  -0.0000249500   -0.0000098400    0.0000104200
   0.0000235000    0.0000926000   -0.0000043900
   0.0002989500    0.0000746700    0.0011018300
  -0.0001393200   -0.0000889500    0.0001814900
   0.0000041800   -0.0000215200   -0.0000017900
   0.0000058900    0.0000026000   -0.0000097600
  -0.0000040800   -0.0000142100   -0.0000051900
  -0.0000070600    0.0000183800   -0.0000037700
  -0.0007776400    0.0005854500    0.0000812700
  -0.0000007100    0.0000064900   -0.0000145700
  -0.0000931300   -0.0000688700    0.0002883100
  -0.0005951800   -0.0020111100    0.0016638600
  -0.0000383700   -0.0000159700    0.0000145600
   0.0002012300   -0.0001023100   -0.0000013500
  -0.0000006100    0.0000012400    0.0000165100
  -0.0000181100   -0.0000100100   -0.0000129700
   0.0000023900    0.0000135100    0.0000205500
   0.0000730100   -0.0000372500   -0.0000051000
  -0.0000257200   -0.0000147100    0.0000086700
  -0.0013401600   -0.0035578200    0.0025693000
   0.0016650300    0.0000012700   -0.0130156400
  -0.0000430200    0.0000504300    0.0000121300
  -0.0000093500   -0.0001447400   -0.0000307100
   0.0000911500    0.0001683500   -0.0000246900
  -0.0000069900   -0.0001495000    0.0000065600
  -0.0000061600    0.0000000500    0.0000014400
   0.0000930500   -0.0000314300   -0.0000034300
  -0.0000046100   -0.0000000100    0.0000060200
   0.0000290900    0.0001068600   -0.0000150000

46   
  0.0100000000000000   0.0000000000000000   0.0000000000000000
   0.0364791300   -0.0140816100    0.0274265700
   0.0006542000    0.0002778900   -0.0002838300
  -0.0000014000   -0.0000405700    0.0000061800
   0.0000298600    0.0000203100   -0.0000054400
   0.0001012200    0.0000836200   -0.0000785900
  -0.0000040200   -0.0000299200    0.0000209800
   0.0006755300   -0.0008791900   -0.0003513000
  -0.0000573700    0.0000172800    0.0000260000
  -0.0001376700   -0.0001839600    0.0000184800
   0.0008154000    0.0026480800    0.0015884900
   0.0011121800   -0.0026640400   -0.0013871000
  -0.0000481900   -0.0000046600   -0.0000002100
  -0.0000673900    0.0000178200   -0.0000217600
  -0.0035144000   -0.0000675800    0.0000003500
  -0.0000712800   -0.0000352700    0.0000410000
  -0.0000418100    0.0000070500    0.0000101900
  -0.0000269700    0.0000174400    0.0000273600
  -0.0000169500   -0.0000134900   -0.0000309400
   0.0005977400   -0.0004333100    0.0004996400
   0.0385998400    0.0158430700   -0.0288553200
   0.0000642700    0.0000537800   -0.0000106100
  -0.0000000200    0.0000227400   -0.0000160000
   0.0000356800   -0.0000488400    0.0000849500
   0.0000207100    0.0000348600    0.0000123700
   0.0005525700    0.0006415300    0.0003389600
  -0.0001180100    0.0000907400   -0.0000673000
  -0.0000360500   -0.0000118000   -0.0000238700
   0.0115009800   -0.0005824600   -0.0003216900
  -0.0000134700    0.0000481900   -0.0001568100
  -0.0000793900   -0.0000223100    0.0001741300
   0.0000632000    0.0007711200    0.0001028300
   0.0000525600   -0.0007052900    0.0000883400
  -0.0000422600    0.0000007400    0.0000044500
  -0.0000253300   -0.0000143900   -0.0000104800
  -0.0000175900    0.0000054000    0.0000003400
   0.0000021300    0.0000222000    0.0000014100
  -0.0008299500    0.0001975700   -0.0003926000
   0.0001139600   -0.0000780500   -0.0000847700
   0.0000006700    0.0000137600    0.0000058100
   0.0001029000   -0.0000792300   -0.0000332900
  -0.0010542300    0.0022502100   -0.0020973900
  -0.0000039800   -0.0000201900   -0.0000051300
   0.0000012600    0.0000150300   -0.0000044500
   0.0000019300   -0.0000172600   -0.0000078400
  -0.0000043200    0.0000015300    0.0000040500
  -0.1038965400    0.0003009700    0.0024233700
   0.0000076400   -0.0000515200   -0.0000195600
   0.0000091000    0.0000425100   -0.0000070900
   0.0000196000   -0.0000431900    0.0000568000
   0.0000174800    0.0000570000   -0.0000673500
   0.0000121600   -0.0000024700   -0.0000015900
   0.0000194600    0.0000502300    0.0000699900
   0.0000122000   -0.0000027600   -0.0000013500
   0.0000176100   -0.0000100400   -0.0000330400
   0.0009807700    0.0007271600    0.0012157500
   0.0010694600   -0.0008786300   -0.0014723900
   0.0000034200    0.0000001100   -0.0000022300
   0.0000029600   -0.0000364100   -0.0000011900
  -0.0000073700    0.0000168200    0.0000499200
   0.0000070500    0.0000232300   -0.0000075700
  -0.0000139000    0.0000120500   -0.0000118400
   0.0000105100    0.0000151200   -0.0000153500
   0.0000043500   -0.0000130600    0.0000142700
   0.0013875600   -0.0043447700   -0.0004927200
   0.0000371900   -0.0000216100    0.0000072900
  -0.0001063900   -0.0000210400   -0.0001267900
   0.0010115400   -0.0032165400    0.0004445900
  -0.0001323500   -0.0000075200    0.0000032200
   0.0000450500   -0.0000163700    0.0000021200
   0.0000214400   -0.0000239200    0.0000169900
   0.0000008300    0.0000092000   -0.0000077800
   0.0000025000   -0.0000013900   -0.0000001800
  -0.0011874200    0.0000552000    0.0005314000
   0.0000121500   -0.0000222500   -0.0000121000
   0.0001135700    0.0000213500    0.0000591300
  -0.0007810900   -0.0018430000    0.0015466000
   0.0000963300    0.0000250900   -0.0000174500
   0.0000176400    0.0000201900    0.0000056400
  -0.0000017500   -0.0000074200   -0.0000052900
   0.0000007300    0.0000204600    0.0000015400
  -0.0000023900   -0.0000183300   -0.0000001400
   0.0072761900   -0.0004375400    0.0010960700
   0.0087763500    0.0001344300   -0.0013033800
   0.0000607300    0.0000008900    0.0000009000
   0.0000282000   -0.0000246000    0.0000027500
  -0.0000539000   -0.0000358100   -0.0000513000
   0.0000316500    0.0000247700   -0.0000024400
  -0.0000536200   -0.0000078200   -0.0000050200
   0.0000316200   -0.0000152600    0.0000057600
   0.0000282000    0.0000263900   -0.0000082400
  -0.0022973300   -0.0000907100   -0.0002072700
   0.0000404000   -0.0001580700    0.0000186600
   0.0000572400    0.0001664800   -0.0000274900
  -0.0000670600   -0.0002545700   -0.0000238400
  -0.0000930600    0.0002334600    0.0000183500
   0.0000129300    0.0000006500   -0.0000006700
  -0.0000785900    0.0000759500   -0.0000227100
   0.0000184400    0.0000007800    0.0000020700
  -0.0000856400   -0.0000760200    0.0000100100
   0.0012750000    0.0035100900    0.0007340400
  -0.0001792100    0.0001363500    0.0000747000
   0.0000261300    0.0000194700   -0.0000050400
  -0.0001422500    0.0000929600   -0.0000115400
   0.0011414900    0.0027618200   -0.0006609100
   0.0000364800    0.0000102600   -0.0000046500
   0.0000100400   -0.0000052000   -0.0000004400
   0.0000042400    0.0000008500    0.0000129600
   0.0000183700    0.0000070400   -0.0000231500

46   
 -0.0100000000000000   0.0000000000000000   0.0000000000000000
  -0.0372347700    0.0144953800   -0.0283512100
  -0.0006134200   -0.0002662500    0.0002776700
  -0.0000001000    0.0000429800   -0.0000061600
  -0.0000315100   -0.0000205900    0.0000062200
  -0.0001033200   -0.0000820500    0.0000796100
   0.0000039700    0.0000294700   -0.0000206500
  -0.0006642200    0.0008712100    0.0003405800
   0.0000574600   -0.0000170000   -0.0000257600
   0.0001381600    0.0001851400   -0.0000190200
  -0.0008452900   -0.0026856100   -0.0016001800
  -0.0010759300    0.0026267900    0.0013771600
   0.0000482200    0.0000050800    0.0000006700
   0.0000682000   -0.0000183600    0.0000241400
   0.0035219500    0.0000947500    0.0000112800
   0.0000709800    0.0000347200   -0.0000391600
   0.0000421800   -0.0000083200   -0.0000106900
   0.0000270300   -0.0000171000   -0.0000269200
   0.0000168500    0.0000138900    0.0000314700
  -0.0006369400    0.0004488900   -0.0005081900
  -0.0378178700   -0.0153661600    0.0278560000
  -0.0000620300   -0.0000512500    0.0000101500
   0.0000001800   -0.0000228400    0.0000163700
  -0.0000336900    0.0000494100   -0.0000840900
  -0.0000192600   -0.0000345600   -0.0000116300
  -0.0005632800   -0.0006472800   -0.0003478100
   0.0001172000   -0.0000900100    0.0000665200
   0.0000361700    0.0000119300    0.0000241000
  -0.0115089400    0.0007463400    0.0004013800
   0.0000131400   -0.0000488600    0.0001548200
   0.0000808600    0.0000210000   -0.0001759000
  -0.0000716000   -0.0007763900   -0.0001061400
  -0.0000450100    0.0006979800   -0.0000895500
   0.0000422500   -0.0000009200   -0.0000039200
   0.0000256800    0.0000135000    0.0000103400
   0.0000176400   -0.0000050400    0.0000000300
  -0.0000023500   -0.0000231300   -0.0000015900
   0.0008405100   -0.0001985600    0.0004068000
  -0.0001120100    0.0000768900    0.0000802400
  -0.0000003400   -0.0000138900   -0.0000057200
  -0.0000990000    0.0000790300    0.0000294500
   0.0010345800   -0.0021944900    0.0020708200
   0.0000036000    0.0000196100    0.0000052400
  -0.0000014000   -0.0000144300    0.0000043800
  -0.0000018500    0.0000168500    0.0000080500
   0.0000042400   -0.0000015400   -0.0000040900
   0.1038400500   -0.0014742200   -0.0005064600
  -0.0000094400    0.0000502100    0.0000174200
  -0.0000079900   -0.0000435300    0.0000047800
  -0.0000198300    0.0000455900   -0.0000575700
  -0.0000173300   -0.0000544800    0.0000666600
  -0.0000121900    0.0000028100    0.0000014900
  -0.0000199500   -0.0000488200   -0.0000691500
  -0.0000121400    0.0000025100    0.0000015200
  -0.0000171600    0.0000112300    0.0000335100
  -0.0009771300   -0.0007118700   -0.0012219100
  -0.0010732600    0.0008926000    0.0014645300
  -0.0000035800   -0.0000000200    0.0000021100
  -0.0000027400    0.0000371200    0.0000013100
   0.0000073600   -0.0000216300   -0.0000543000
  -0.0000072000   -0.0000226700    0.0000077100
   0.0000137200   -0.0000114600    0.0000104700
  -0.0000107000   -0.0000145500    0.0000154800
  -0.0000041200    0.0000134900   -0.0000142600
  -0.0014061000    0.0043249400    0.0005005500
  -0.0000368900    0.0000211800   -0.0000069700
   0.0001064300    0.0000217000    0.0001290700
  -0.0010079200    0.0032519200   -0.0004457000
   0.0001285300    0.0000075000   -0.0000041100
  -0.0000456300    0.0000166200   -0.0000025300
  -0.0000212500    0.0000242700   -0.0000170500
  -0.0000009400   -0.0000091000    0.0000077400
  -0.0000026400    0.0000015900    0.0000004400
   0.0011802400   -0.0000552400   -0.0005220600
  -0.0000125300    0.0000219700    0.0000121700
  -0.0001150400   -0.0000216100   -0.0000633100
   0.0008012100    0.0018935200   -0.0015676500
  -0.0000997900   -0.0000253500    0.0000138000
  -0.0000173800   -0.0000208700   -0.0000057300
   0.0000018500    0.0000075500    0.0000051800
  -0.0000008100   -0.0000209500   -0.0000014000
   0.0000025200    0.0000190700    0.0000001300
  -0.0074658200    0.0004385600   -0.0011122600
  -0.0085649000   -0.0001371100    0.0012900800
  -0.0000608200   -0.0000016300   -0.0000006800
  -0.0000281400    0.0000252400   -0.0000031100
   0.0000533500    0.0000378100    0.0000507900
  -0.0000316700   -0.0000242900    0.0000022400
   0.0000536600    0.0000103700    0.0000067900
  -0.0000316900    0.0000153300   -0.0000061900
  -0.0000281400   -0.0000264700    0.0000078800
   0.0022990800    0.0000899800    0.0002656100
  -0.0000413000    0.0001565900   -0.0000185000
  -0.0000565300   -0.0001680500    0.0000276900
   0.0000684800    0.0002555300    0.0000236900
   0.0000918400   -0.0002332300   -0.0000191500
  -0.0000129400   -0.0000003200    0.0000006400
   0.0000770000   -0.0000757300    0.0000233900
  -0.0000184600   -0.0000009200   -0.0000021500
   0.0000872800    0.0000759500   -0.0000094000
  -0.0012637700   -0.0035271600   -0.0007329100
   0.0001785600   -0.0001338900   -0.0000729200
  -0.0000264000   -0.0000198700    0.0000051900
   0.0001466600   -0.0000946600    0.0000095000
  -0.0011438100   -0.0027371200    0.0006579900
  -0.0000361000   -0.0000101400    0.0000043300
  -0.0000099100    0.0000053300    0.0000006000
  -0.0000040900   -0.0000005200   -0.0000130700
  -0.0000185900   -0.0000068000    0.0000229200

46   
  0.0000000000000000   0.0000000000000000   0.0100000000000000
   0.0276978200   -0.0159913400    0.0415919100
   0.0003391600    0.0000957600    0.0005576400
  -0.0000260700    0.0000401400    0.0000061800
  -0.0000478100    0.0000024900    0.0000061600
  -0.0000095500    0.0000516800    0.0000144800
   0.0000120900   -0.0000069600    0.0000056000
   0.0000866300   -0.0003415900    0.0005576500
   0.0000157300   -0.0000090300    0.0000045700
  -0.0000495300   -0.0000175700    0.0000144700
   0.0008849200    0.0007608100    0.0020837800
  -0.0008934100    0.0005157900    0.0025449300
   0.0000007500   -0.0000115700    0.0000041000
   0.0000353900   -0.0000203700    0.0000602500
  -0.0002164200   -0.0011467700    0.0020837900
  -0.0000487800   -0.0000034300    0.0000348600
  -0.0000214500    0.0000439300    0.0000348400
   0.0000103800    0.0000050900    0.0000040900
   0.0000016500   -0.0000009800    0.0000107600
  -0.0004320000    0.0001480900    0.0005598300
  -0.0296801800   -0.0166606500    0.0422054800
   0.0000156800    0.0000551700   -0.0000104800
  -0.0000065400   -0.0000013400    0.0000031500
   0.0000487900    0.0000825100   -0.0000240600
   0.0000667900    0.0000245600    0.0000016600
  -0.0000856800   -0.0000614600    0.0007394800
   0.0000922200    0.0000038500   -0.0000413800
  -0.0000137500   -0.0000074800   -0.0000036100
  -0.0004115000    0.0340341400    0.0422054900
   0.0000428400   -0.0000817900   -0.0000413800
  -0.0000470900   -0.0000835300   -0.0000240500
  -0.0003442500    0.0003001300    0.0005598200
   0.0000103500    0.0001049200    0.0007394700
  -0.0000021300    0.0000063600    0.0000031400
  -0.0000399500   -0.0000412100   -0.0000105100
  -0.0000003600    0.0000156500   -0.0000036200
   0.0000121500   -0.0000701400    0.0000016400
   0.0019674300    0.0005555100    0.0003641600
  -0.0000143200    0.0000082700   -0.0002736100
   0.0000072300   -0.0000010600    0.0000094200
   0.0000937800   -0.0000541400   -0.0003058600
   0.0005026300   -0.0019816000    0.0003641700
  -0.0000082900   -0.0000105200    0.0000120900
   0.0000049600    0.0000124300    0.0000121100
   0.0000045400   -0.0000057400    0.0000094200
  -0.0000017200    0.0000009800    0.0000120300
   0.0014360500   -0.0008289900   -0.1312566800
  -0.0000082500   -0.0000695100   -0.0002074600
  -0.0000159300   -0.0000908800   -0.0002078000
   0.0000707000    0.0000592400   -0.0002077900
  -0.0000340500    0.0000569900   -0.0002535900
  -0.0000013900    0.0000008100    0.0000049700
   0.0000560300    0.0000418900   -0.0002074600
  -0.0000015700    0.0000009000    0.0000050100
  -0.0000663900    0.0000010100   -0.0002535800
   0.0012822600    0.0010761100    0.0002527000
  -0.0013622500    0.0012680000    0.0003646200
   0.0000013900   -0.0000046200    0.0000116900
   0.0000152200   -0.0000069900    0.0000062300
   0.0000023200   -0.0000105600   -0.0002835000
  -0.0000164400   -0.0000014100    0.0000144000
   0.0000193100    0.0000751100   -0.0003226400
  -0.0000039900    0.0000055100    0.0000126000
  -0.0000023600    0.0000062000    0.0000061400
   0.0007851600   -0.0010194100   -0.0030228800
   0.0000017700   -0.0000015200   -0.0000245400
   0.0000103600   -0.0000006800    0.0000453600
  -0.0006541900    0.0008808800   -0.0030561600
  -0.0000788000   -0.0001040200    0.0000435900
   0.0000004500   -0.0000089900   -0.0000328200
   0.0000161500    0.0000101900    0.0000038000
  -0.0000008200    0.0000028400   -0.0000333200
   0.0000013600    0.0000076300   -0.0000240100
  -0.0017792500    0.0005457300    0.0003646200
  -0.0000067600    0.0000007100    0.0000126300
   0.0000103100    0.0000032600   -0.0002834900
  -0.0002908100   -0.0016485300    0.0002527000
  -0.0000554000   -0.0000542700   -0.0003226600
   0.0000136700   -0.0000096800    0.0000062300
   0.0000046800    0.0000010900    0.0000116900
  -0.0000065500   -0.0000010400    0.0000061300
  -0.0000069800    0.0000149500    0.0000144100
  -0.0010899600    0.0001260900   -0.0030561600
   0.0012754100   -0.0001703000   -0.0030228700
  -0.0000007600   -0.0000191200    0.0000038000
   0.0000080200    0.0000041100   -0.0000328200
   0.0000057600   -0.0000086400    0.0000453700
  -0.0000059300   -0.0000049800   -0.0000240000
   0.0000506900    0.0001202600    0.0000435700
   0.0000022200   -0.0000007600   -0.0000245200
  -0.0000028500   -0.0000007200   -0.0000333300
   0.0002143300   -0.0001237400    0.0142620500
   0.0000025400   -0.0000042700    0.0000246900
  -0.0000086000   -0.0000052400    0.0000123100
   0.0000002300    0.0000100800    0.0000123200
   0.0000144300    0.0000148000    0.0000010100
  -0.0000009400    0.0000005500   -0.0000003000
   0.0000049600   -0.0000000700    0.0000246900
  -0.0000019600    0.0000011300   -0.0000016000
  -0.0000056100   -0.0000198900    0.0000010200
  -0.0001837900   -0.0009715600   -0.0031460900
   0.0000100200   -0.0000057900    0.0000408000
   0.0000085200   -0.0000008900   -0.0000338200
   0.0000977800   -0.0000564600    0.0000061600
   0.0007495000    0.0006449600   -0.0031460900
  -0.0000110600   -0.0000001100   -0.0000249200
  -0.0000054500    0.0000096300   -0.0000249500
   0.0000050300   -0.0000069500   -0.0000338200
  -0.0000206600    0.0000119000    0.0000042500

46   
  0.0000000000000000   0.0000000000000000  -0.0100000000000000
  -0.0286266100    0.0165275900   -0.0424484500
  -0.0003044000   -0.0001040500   -0.0005687000
   0.0000267600   -0.0000406700   -0.0000091700
   0.0000486100   -0.0000028500   -0.0000091700
   0.0000120200   -0.0000543700   -0.0000153100
  -0.0000130600    0.0000075500   -0.0000060000
  -0.0000620900    0.0003156500   -0.0005687000
  -0.0000156400    0.0000090500   -0.0000047600
   0.0000531100    0.0000167800   -0.0000153100
  -0.0008590200   -0.0007387400   -0.0020841300
   0.0008622700   -0.0004978100   -0.0025441800
  -0.0000008000    0.0000118900   -0.0000048300
  -0.0000360900    0.0000208500   -0.0000650800
   0.0002102300    0.0011132700   -0.0020841300
   0.0000497900    0.0000033800   -0.0000383100
   0.0000219500   -0.0000448600   -0.0000383100
  -0.0000107200   -0.0000052800   -0.0000048200
  -0.0000014200    0.0000008300   -0.0000116000
   0.0003996500   -0.0001555000   -0.0005677800
   0.0307067500    0.0172595800   -0.0430981400
  -0.0000166600   -0.0000553400    0.0000079500
   0.0000071200    0.0000015800   -0.0000037800
  -0.0000522200   -0.0000836300    0.0000243400
  -0.0000675200   -0.0000260100   -0.0000036900
   0.0000644900    0.0000353400   -0.0007457800
  -0.0000962500   -0.0000053600    0.0000410800
   0.0000137200    0.0000073300    0.0000032500
   0.0004061600   -0.0352225800   -0.0430981400
  -0.0000434800    0.0000860600    0.0000410900
   0.0000462800    0.0000870300    0.0000243400
   0.0003345200   -0.0002683500   -0.0005677700
   0.0000016600   -0.0000735400   -0.0007457900
   0.0000021700   -0.0000069600   -0.0000037800
   0.0000396000    0.0000420700    0.0000079300
   0.0000005200   -0.0000155500    0.0000032300
  -0.0000112300    0.0000714900   -0.0000037100
  -0.0019497500   -0.0005514100   -0.0003640500
   0.0000206400   -0.0000119200    0.0002707400
  -0.0000072400    0.0000009200   -0.0000096400
  -0.0000963100    0.0000556100    0.0003074700
  -0.0004973700    0.0019642300   -0.0003640600
   0.0000087400    0.0000107700   -0.0000119000
  -0.0000049700   -0.0000129500   -0.0000119100
  -0.0000044100    0.0000058000   -0.0000096200
   0.0000015700   -0.0000009000   -0.0000119900
  -0.0014948500    0.0008629200    0.1340798400
   0.0000036700    0.0000695200    0.0002118100
   0.0000210800    0.0000912100    0.0002115100
  -0.0000684200   -0.0000638400    0.0002115200
   0.0000324800   -0.0000592800    0.0002574700
   0.0000014600   -0.0000008400   -0.0000046300
  -0.0000583400   -0.0000379300    0.0002118300
   0.0000015000   -0.0000008700   -0.0000045500
   0.0000675800    0.0000015400    0.0002574500
  -0.0012730700   -0.0010630700   -0.0002520400
   0.0013521500   -0.0012531500   -0.0003648000
  -0.0000014100    0.0000046300   -0.0000115400
  -0.0000157600    0.0000071400   -0.0000058900
  -0.0000022500    0.0000175100    0.0002810400
   0.0000170100    0.0000015800   -0.0000142500
  -0.0000209000   -0.0000758600    0.0003254100
   0.0000040700   -0.0000054000   -0.0000127500
   0.0000021100   -0.0000062000   -0.0000061400
  -0.0008147100    0.0010509200    0.0030492100
  -0.0000022600    0.0000015600    0.0000244100
  -0.0000088600    0.0000018200   -0.0000412000
   0.0006634300   -0.0009075200    0.0030888500
   0.0000749600    0.0001026000   -0.0000430400
  -0.0000001700    0.0000092300    0.0000339900
  -0.0000163900   -0.0000103400   -0.0000029800
   0.0000004700   -0.0000032700    0.0000334800
  -0.0000009900   -0.0000075400    0.0000249400
   0.0017613300   -0.0005444100   -0.0003648100
   0.0000067200   -0.0000008200   -0.0000127500
  -0.0000162900   -0.0000068200    0.0002810500
   0.0002841100    0.0016340400   -0.0002520400
   0.0000552500    0.0000560100    0.0003254100
  -0.0000140700    0.0000100800   -0.0000058800
  -0.0000047200   -0.0000011100   -0.0000115400
   0.0000064200    0.0000012800   -0.0000061400
   0.0000071400   -0.0000155200   -0.0000142600
   0.0011176400   -0.0001207600    0.0030888500
  -0.0013174700    0.0001801300    0.0030492000
   0.0000007500    0.0000194000   -0.0000029900
  -0.0000080700   -0.0000044600    0.0000340100
  -0.0000060200    0.0000067500   -0.0000412000
   0.0000060400    0.0000046300    0.0000249400
  -0.0000514000   -0.0001162200   -0.0000430400
  -0.0000024700    0.0000011800    0.0000244200
   0.0000030800    0.0000012200    0.0000334800
  -0.0002199300    0.0001269800   -0.0145706500
  -0.0000021400    0.0000040800   -0.0000266100
   0.0000085100    0.0000049500   -0.0000139600
  -0.0000000300   -0.0000098400   -0.0000139400
  -0.0000143500   -0.0000147700   -0.0000029700
   0.0000010100   -0.0000005900    0.0000003700
  -0.0000045800   -0.0000001900   -0.0000266300
   0.0000019300   -0.0000011100    0.0000016400
   0.0000056200    0.0000198300   -0.0000029400
   0.0002045400    0.0009877800    0.0031736900
  -0.0000111200    0.0000064200   -0.0000369600
  -0.0000078800    0.0000009400    0.0000336600
  -0.0000933700    0.0000539200   -0.0000052600
  -0.0007531900   -0.0006710300    0.0031737000
   0.0000108800    0.0000000800    0.0000259700
   0.0000053400   -0.0000094500    0.0000259800
  -0.0000047500    0.0000063500    0.0000336400
   0.0000208400   -0.0000120300   -0.0000033000

55   
  0.0100000000000000   0.0000000000000000   0.0000000000000000
   0.0381390100    0.0151841100    0.0285443100
  -0.0000197800    0.0000421400   -0.0000021600
   0.0004632700   -0.0003835900   -0.0002352700
   0.0000817000   -0.0000042900   -0.0000802100
   0.0000339200   -0.0000368000   -0.0000045400
  -0.0000131100    0.0000333800    0.0000115600
  -0.0001365100    0.0001852100    0.0000334300
  -0.0000634300   -0.0000155200    0.0000226200
   0.0007098000    0.0009212000   -0.0003550500
   0.0111862200    0.0001237500   -0.0004062600
  -0.0000585500    0.0000528900    0.0001629200
  -0.0000561500   -0.0000684300   -0.0001828000
   0.0001394700    0.0007895600    0.0000442500
   0.0000849000   -0.0008696800    0.0000769100
  -0.0000437400   -0.0000009500   -0.0000043600
   0.0000094500   -0.0000179900    0.0000126400
  -0.0000177700    0.0000001200   -0.0000003800
  -0.0000140000    0.0000219000   -0.0000181700
   0.0390634600   -0.0158170900   -0.0292330500
   0.0004899300    0.0004238400    0.0005536800
   0.0000632000   -0.0000499500   -0.0000176700
   0.0000491600   -0.0000153600    0.0000103700
   0.0000188800    0.0000672900    0.0000853900
  -0.0000009000   -0.0000216500   -0.0000204000
   0.0005958900   -0.0008768500    0.0005520500
  -0.0000435200    0.0000107300   -0.0000242600
  -0.0001094500   -0.0001167000   -0.0000910300
   0.0008257000   -0.0029428800    0.0014783300
  -0.0000477400    0.0000041400   -0.0000018100
   0.0010396700    0.0026645500   -0.0014304300
  -0.0038131900    0.0000030300   -0.0002912500
  -0.0000764300   -0.0000230000   -0.0000401400
  -0.0000725700    0.0000115900    0.0000532700
  -0.0000211500    0.0000226700   -0.0000286800
  -0.0000180200   -0.0000139700    0.0000230700
  -0.0000447600   -0.0000000600    0.0000109900
   0.0014848500   -0.0041083700    0.0006337500
   0.0000458000   -0.0000206200   -0.0000096700
  -0.0001718300   -0.0000788500    0.0001087700
   0.0015338700   -0.0037103400   -0.0003887900
  -0.0001173600   -0.0000599900   -0.0000098000
   0.0000419700   -0.0000161100    0.0000044900
   0.0000125700   -0.0000224600   -0.0000131900
   0.0000006500    0.0000134100    0.0000042200
   0.0000059800    0.0000028800    0.0000046200
   0.0009780700   -0.0008390200    0.0012807800
   0.0000035700   -0.0000043300    0.0000014300
   0.0010720000    0.0013621500   -0.0013534900
  -0.0000136600   -0.0000406700    0.0000223900
   0.0000042200    0.0000229600   -0.0000022800
   0.0000106200   -0.0000228600   -0.0000041500
   0.0000026800    0.0000123100    0.0000154600
   0.0000071900   -0.0000129100   -0.0000167700
  -0.0000073700   -0.0000484500    0.0000030300
  -0.1057258100    0.0012580100    0.0010431800
   0.0000436500   -0.0000658500   -0.0000179900
   0.0000445200    0.0000489100   -0.0000432300
   0.0000283300   -0.0000894500   -0.0000749100
   0.0000098500    0.0000708500    0.0000446600
   0.0000140400   -0.0000006100    0.0000012500
   0.0000279100    0.0000241900   -0.0000741200
   0.0000139900   -0.0000009600   -0.0000022900
   0.0000098700   -0.0000441900    0.0000558600
   0.0000748400   -0.0000396900    0.0000782200
   0.0000061300    0.0000234900   -0.0000097800
  -0.0007716200    0.0001810000    0.0004076300
  -0.0009112500    0.0018295500    0.0015753000
   0.0000087900   -0.0000162400    0.0000042800
   0.0000903300   -0.0000364800   -0.0000094200
  -0.0000039000   -0.0000330700    0.0000014900
  -0.0000056400    0.0000053700   -0.0000032400
   0.0000050700    0.0000183600    0.0000027500
  -0.0001137400    0.0000796300   -0.0001123800
   0.0000508400    0.0000201300    0.0000102000
   0.0014465800    0.0042968100   -0.0005810100
   0.0010108600    0.0031647800    0.0004881700
   0.0000595100    0.0000120100    0.0000019500
  -0.0001543800    0.0000534000   -0.0000037300
   0.0000058500   -0.0000187700   -0.0000093600
   0.0000161700    0.0000239100    0.0000178300
   0.0000024200   -0.0000076500   -0.0000051300
  -0.0022992000    0.0000902500   -0.0002454300
   0.0000404500   -0.0001451800   -0.0000023900
   0.0000570900    0.0001821200    0.0000084800
  -0.0000859400   -0.0002364000    0.0000059500
  -0.0000786400    0.0002263100   -0.0000047200
   0.0000184200   -0.0000007000    0.0000019800
  -0.0000934600    0.0000796000   -0.0000147400
   0.0000129100   -0.0000005100    0.0000010500
  -0.0000670400   -0.0000953400   -0.0000004700
   0.0073554700    0.0004588600    0.0011116100
   0.0000631700    0.0000030300    0.0000050400
   0.0083835400   -0.0002377900   -0.0011795500
  -0.0000350100    0.0000177800   -0.0000016500
   0.0000372400    0.0000373200    0.0000061400
   0.0000314100   -0.0000312800   -0.0000050300
   0.0000371500   -0.0000246700   -0.0000079000
   0.0000314100    0.0000244700    0.0000133400
  -0.0000346400   -0.0000318400   -0.0000091300
  -0.0008711200   -0.0002803200   -0.0002628900
  -0.0000002400   -0.0000168500    0.0000095200
   0.0001115700    0.0000589900   -0.0001215900
  -0.0012586800   -0.0026271700   -0.0015924900
   0.0001458000    0.0000544300    0.0000268600
  -0.0000029800    0.0000201200   -0.0000059000
  -0.0000029400    0.0000047600    0.0000097100
  -0.0000013400    0.0000175700   -0.0000165800
   0.0000057400   -0.0000211200   -0.0000040900

55   
 -0.0100000000000000   0.0000000000000000   0.0000000000000000
  -0.0373687500   -0.0147561800   -0.0276002400
   0.0000210000   -0.0000400600    0.0000023400
  -0.0005029100    0.0003974000    0.0002429200
  -0.0000793100    0.0000051500    0.0000793400
  -0.0000325500    0.0000365400    0.0000039600
   0.0000131900   -0.0000338800   -0.0000116700
   0.0001357000   -0.0001840300   -0.0000323500
   0.0000634700    0.0000159000   -0.0000226900
  -0.0007225700   -0.0009297200    0.0003656100
  -0.0111776600    0.0000413300    0.0003238400
   0.0000569800   -0.0000536200   -0.0001611200
   0.0000570800    0.0000674800    0.0001850500
  -0.0001502900   -0.0007970800   -0.0000382500
  -0.0000771300    0.0008621000   -0.0000727700
   0.0000435900    0.0000008900    0.0000040100
  -0.0000091800    0.0000171800   -0.0000123700
   0.0000177800    0.0000001400    0.0000001200
   0.0000136400   -0.0000228700    0.0000185700
  -0.0398666800    0.0163035700    0.0302653000
  -0.0004540100   -0.0004097400   -0.0005432600
  -0.0000653800    0.0000522800    0.0000181900
  -0.0000504400    0.0000155200   -0.0000109000
  -0.0000214700   -0.0000672400   -0.0000854000
   0.0000008500    0.0000215200    0.0000200900
  -0.0005834400    0.0008674900   -0.0005396800
   0.0000434100   -0.0000107300    0.0000241400
   0.0001107400    0.0001175300    0.0000922600
  -0.0007935000    0.0029012800   -0.0014659800
   0.0000478100   -0.0000036400    0.0000014000
  -0.0010742900   -0.0027000600    0.0014383400
   0.0038064900    0.0000264900    0.0002838400
   0.0000755000    0.0000223500    0.0000385400
   0.0000723600   -0.0000119600   -0.0000550400
   0.0000212100   -0.0000222900    0.0000281800
   0.0000180100    0.0000143700   -0.0000234700
   0.0000443800   -0.0000010900   -0.0000106300
  -0.0014977600    0.0040896800   -0.0006395000
  -0.0000455600    0.0000202300    0.0000092600
   0.0001723000    0.0000803500   -0.0001106900
  -0.0015298200    0.0037438400    0.0003824100
   0.0001135600    0.0000595600    0.0000107500
  -0.0000422500    0.0000163600   -0.0000043800
  -0.0000124500    0.0000227400    0.0000132200
  -0.0000006200   -0.0000131900   -0.0000043400
  -0.0000061200   -0.0000027300   -0.0000049800
  -0.0009798000    0.0008532600   -0.0012748100
  -0.0000034500    0.0000045300   -0.0000013400
  -0.0010707400   -0.0013522000    0.0013612000
   0.0000140000    0.0000380600   -0.0000178100
  -0.0000042700   -0.0000223900    0.0000021100
  -0.0000105900    0.0000233900    0.0000039600
  -0.0000029300   -0.0000117700   -0.0000155600
  -0.0000070300    0.0000134200    0.0000166900
   0.0000074100    0.0000491000   -0.0000015600
   0.1057833800   -0.0024641400   -0.0030007100
  -0.0000441400    0.0000643000    0.0000199700
  -0.0000433000   -0.0000502300    0.0000454200
  -0.0000285300    0.0000914700    0.0000752800
  -0.0000092700   -0.0000683300   -0.0000444400
  -0.0000140400    0.0000010300   -0.0000012400
  -0.0000288900   -0.0000222500    0.0000731300
  -0.0000140300    0.0000007000    0.0000020600
  -0.0000092200    0.0000459600   -0.0000571500
  -0.0000733600    0.0000383500   -0.0000725700
  -0.0000058100   -0.0000237300    0.0000095900
   0.0007792900   -0.0001801300   -0.0004184400
   0.0008903900   -0.0017803200   -0.0015552700
  -0.0000090500    0.0000157800   -0.0000042900
  -0.0000870800    0.0000360500    0.0000125400
   0.0000040000    0.0000326800   -0.0000017100
   0.0000055300   -0.0000052800    0.0000033600
  -0.0000052800   -0.0000175800   -0.0000026900
   0.0001132100   -0.0000777000    0.0001100400
  -0.0000512100   -0.0000205300   -0.0000105400
  -0.0014309000   -0.0043162800    0.0005748400
  -0.0010164000   -0.0031309900   -0.0004892500
  -0.0000589500   -0.0000119500   -0.0000016900
   0.0001597400   -0.0000536600    0.0000049000
  -0.0000058600    0.0000188700    0.0000095000
  -0.0000162800   -0.0000235400   -0.0000177600
  -0.0000023100    0.0000079000    0.0000049400
   0.0022964000   -0.0000903800    0.0001885400
  -0.0000412000    0.0001435200    0.0000022900
  -0.0000566500   -0.0001840000   -0.0000086200
   0.0000869900    0.0002371900   -0.0000052900
   0.0000770200   -0.0002253400    0.0000048200
  -0.0000184100    0.0000009900   -0.0000019200
   0.0000914800   -0.0000793400    0.0000140600
  -0.0000129100    0.0000004600   -0.0000009400
   0.0000685500    0.0000952500   -0.0000001800
  -0.0071621700   -0.0004557600   -0.0010950800
  -0.0000630400   -0.0000037500   -0.0000052600
  -0.0085929700    0.0002361800    0.0011936000
   0.0000347100   -0.0000162200    0.0000016200
  -0.0000372300   -0.0000365800   -0.0000058400
  -0.0000314400    0.0000319200    0.0000053300
  -0.0000373000    0.0000247000    0.0000082900
  -0.0000314700   -0.0000246000   -0.0000129900
   0.0000350900    0.0000347500    0.0000071500
   0.0008584500    0.0002807700    0.0002472800
  -0.0000000100    0.0000167600   -0.0000095700
  -0.0001136100   -0.0000601800    0.0001277200
   0.0012864700    0.0026889500    0.0016076700
  -0.0001477700   -0.0000545800   -0.0000226100
   0.0000032400   -0.0000207300    0.0000060600
   0.0000029700   -0.0000047800   -0.0000095500
   0.0000013400   -0.0000178200    0.0000164900
  -0.0000056600    0.0000215800    0.0000042500

55   
  0.0000000000000000   0.0000000000000000   0.0100000000000000
   0.0289647100    0.0167228100    0.0427490100
  -0.0000239000   -0.0000391300    0.0000120400
   0.0003194800   -0.0001755800    0.0004606800
   0.0000143400   -0.0000643300   -0.0000048300
  -0.0000458400   -0.0000011300    0.0000120400
   0.0000133100    0.0000076900    0.0000052900
  -0.0000485500    0.0000446100   -0.0000048400
   0.0000196500    0.0000113600    0.0000024600
   0.0000076900    0.0003644800    0.0004606800
  -0.0002407400   -0.0362887800    0.0432283600
  -0.0000461700    0.0000534700   -0.0000092800
   0.0000431300    0.0000580600   -0.0000353900
   0.0003554500   -0.0002476700    0.0005254300
  -0.0002991900   -0.0002036800    0.0004646000
   0.0000001500   -0.0000126200    0.0000071600
   0.0000196400    0.0000464800   -0.0000003400
  -0.0000042700   -0.0000133300   -0.0000045100
  -0.0000313700    0.0000430800   -0.0000188300
  -0.0315473600    0.0179359100    0.0432282800
  -0.0003259400   -0.0001572500    0.0004645900
   0.0000215800   -0.0000487000   -0.0000188300
   0.0000500700   -0.0000062500   -0.0000003400
   0.0000232200   -0.0000667200   -0.0000092800
  -0.0000108200    0.0000064500    0.0000071500
  -0.0000367800    0.0004316500    0.0005254400
  -0.0000137200    0.0000029700   -0.0000045000
   0.0000718700    0.0000083000   -0.0000353800
   0.0008818300   -0.0006889500    0.0020948600
   0.0000066600    0.0000094100    0.0000007200
  -0.0011760400   -0.0006790000    0.0025799800
  -0.0001557200    0.0011081700    0.0020948600
   0.0000339700    0.0000195700    0.0000630700
  -0.0000120500    0.0000015400    0.0000281900
  -0.0000092700   -0.0000053400    0.0000094700
   0.0000114500    0.0000010800    0.0000007100
  -0.0000046800   -0.0000111800    0.0000281900
  -0.0005006100    0.0012054600   -0.0028387800
  -0.0000019800    0.0000090500   -0.0000222600
   0.0000028400    0.0000016400    0.0000036700
   0.0007936300   -0.0010362700   -0.0028387800
   0.0000644900    0.0000372400    0.0000687000
  -0.0000132900    0.0000048800   -0.0000256400
  -0.0000129300   -0.0000074600    0.0000051900
   0.0000068500   -0.0000062500   -0.0000222500
  -0.0000024200   -0.0000139500   -0.0000256600
   0.0012135400   -0.0010872900    0.0002517200
  -0.0000022000    0.0000047800    0.0000116400
  -0.0014625300   -0.0014461700    0.0003653700
  -0.0000112000    0.0000149800   -0.0003227700
   0.0000144100    0.0000066500    0.0000061500
  -0.0000156700    0.0000052100    0.0000127600
  -0.0000013100   -0.0000071600    0.0000061900
  -0.0000077000   -0.0000041400    0.0000144200
   0.0000520800   -0.0000407200   -0.0002831600
   0.0020594800    0.0011889400   -0.1351047800
  -0.0000466700    0.0000909800   -0.0002095400
  -0.0000170100    0.0000624600   -0.0002099800
  -0.0000726300   -0.0000461000   -0.0002201400
   0.0000554600   -0.0000859200   -0.0002095100
  -0.0000021900   -0.0000012700    0.0000065700
  -0.0000762400   -0.0000398400   -0.0002201200
   0.0000012500    0.0000007300    0.0000064800
   0.0000456200   -0.0000459500   -0.0002099400
   0.0000073700   -0.0000172000   -0.0003227900
  -0.0000074300   -0.0000045900    0.0000144300
  -0.0019836900   -0.0005435400    0.0003653600
  -0.0003348500    0.0015946000    0.0002517200
   0.0000129700    0.0000091400    0.0000061500
  -0.0000092500    0.0000654900   -0.0002831500
  -0.0000068500    0.0000024600    0.0000062000
   0.0000030400   -0.0000042800    0.0000116500
  -0.0000033200   -0.0000161700    0.0000127600
   0.0000031700    0.0000077000    0.0000519000
   0.0000003400    0.0000058600   -0.0000281500
   0.0006236900    0.0010335400   -0.0027574900
  -0.0006189000   -0.0009319300   -0.0031376900
  -0.0000014600    0.0000102400   -0.0000362100
  -0.0001071100    0.0000644700    0.0000536000
  -0.0000040600   -0.0000047200   -0.0000357800
   0.0000128300   -0.0000132700    0.0000053800
  -0.0000029800   -0.0000134900   -0.0000285900
   0.0002386400    0.0001377400    0.0145651100
  -0.0000184800    0.0000370800    0.0000266900
   0.0000275700    0.0000112400    0.0000143600
  -0.0000095300   -0.0000156300    0.0000027500
   0.0000228600   -0.0000345600    0.0000267000
  -0.0000020700   -0.0000011900   -0.0000016100
  -0.0000182900   -0.0000004400    0.0000027400
   0.0000007000    0.0000004000   -0.0000002800
   0.0000235100    0.0000182800    0.0000143500
  -0.0011165400   -0.0000700400   -0.0031377200
  -0.0000050900    0.0000177500    0.0000053700
   0.0012069600    0.0000233400   -0.0027575300
   0.0000082600   -0.0000011100    0.0000519000
   0.0000081400   -0.0000064100   -0.0000362200
  -0.0000131800    0.0000041600   -0.0000285900
  -0.0000061300   -0.0000011400   -0.0000357600
   0.0000052500   -0.0000026200   -0.0000281400
   0.0000022600   -0.0001249700    0.0000536200
   0.0024271100   -0.0006717200    0.0003835200
   0.0000060500    0.0000048200    0.0000046100
   0.0000352100    0.0000203200   -0.0003626000
   0.0006318200    0.0024377900    0.0003835200
   0.0000783400    0.0000452500   -0.0002367300
  -0.0000122400    0.0000122400    0.0000137700
  -0.0000052200   -0.0000029900    0.0000060100
   0.0000072100    0.0000028300    0.0000045900
   0.0000044700   -0.0000167300    0.0000137900

55   
  0.0000000000000000   0.0000000000000000  -0.0100000000000000
  -0.0280185700   -0.0161765600   -0.0418714900
   0.0000230900    0.0000389900   -0.0000091500
  -0.0003544600    0.0001661400   -0.0004513600
  -0.0000171900    0.0000627200    0.0000066000
   0.0000453200    0.0000005100   -0.0000091500
  -0.0000125600   -0.0000072500   -0.0000046100
   0.0000457200   -0.0000462400    0.0000066000
  -0.0000195500   -0.0000112800   -0.0000020200
  -0.0000333600   -0.0003900200   -0.0004513600
   0.0002372400    0.0350731100   -0.0423166600
   0.0000464000   -0.0000498300    0.0000096100
  -0.0000433500   -0.0000538100    0.0000357900
  -0.0003654700    0.0002820600   -0.0005199700
   0.0003097900    0.0002349900   -0.0004561200
  -0.0000003300    0.0000118100   -0.0000064900
  -0.0000205500   -0.0000453800    0.0000028500
   0.0000041500    0.0000135100    0.0000048700
   0.0000318800   -0.0000420400    0.0000213900
   0.0304928400   -0.0173310900   -0.0423166200
   0.0003584300    0.0001507900   -0.0004561200
  -0.0000204800    0.0000486300    0.0000213900
  -0.0000495700    0.0000048900    0.0000028500
  -0.0000199600    0.0000651100    0.0000096200
   0.0000101000   -0.0000062000   -0.0000065000
   0.0000615500   -0.0004575400   -0.0005199700
   0.0000137500   -0.0000031400    0.0000048700
  -0.0000682700   -0.0000106400    0.0000357800
  -0.0009101600    0.0007091900   -0.0020989100
  -0.0000065300   -0.0000089900    0.0000001000
   0.0012061500    0.0006963700   -0.0025812300
   0.0001591100   -0.0011428000   -0.0020989000
  -0.0000333900   -0.0000193000   -0.0000590900
   0.0000117400   -0.0000014400   -0.0000245100
   0.0000091000    0.0000052700   -0.0000086000
  -0.0000110800   -0.0000011300    0.0000000900
   0.0000046400    0.0000108900   -0.0000245100
   0.0004756800   -0.0011771500    0.0028175100
   0.0000014100   -0.0000090700    0.0000224700
  -0.0000015200   -0.0000008800   -0.0000071200
  -0.0007815700    0.0010005500    0.0028175000
  -0.0000684400   -0.0000395100   -0.0000681600
   0.0000135400   -0.0000048000    0.0000249800
   0.0000127600    0.0000073900   -0.0000055200
  -0.0000071400    0.0000057500    0.0000224700
   0.0000026100    0.0000141400    0.0000249700
  -0.0012238400    0.0011011300   -0.0002531000
   0.0000021700   -0.0000048600   -0.0000116400
   0.0014741500    0.0014658600   -0.0003641900
   0.0000111500   -0.0000083000    0.0003252400
  -0.0000140200   -0.0000063700   -0.0000062600
   0.0000151800   -0.0000049500   -0.0000127100
   0.0000013100    0.0000073400   -0.0000060000
   0.0000075500    0.0000043300   -0.0000142900
  -0.0000521000    0.0000405200    0.0002813100
  -0.0019847000   -0.0011460500    0.1322093800
   0.0000420200   -0.0000906600    0.0002061400
   0.0000210600   -0.0000623300    0.0002056800
   0.0000746400    0.0000423000    0.0002164000
  -0.0000575100    0.0000817500    0.0002061000
   0.0000021700    0.0000012400   -0.0000067700
   0.0000739500    0.0000434800    0.0002164100
  -0.0000012200   -0.0000007000   -0.0000068300
  -0.0000434400    0.0000494200    0.0002056700
  -0.0000016100    0.0000138100    0.0003252400
   0.0000075300    0.0000043900   -0.0000142900
   0.0020065400    0.0005437000   -0.0003641900
   0.0003416900   -0.0016104200   -0.0002531000
  -0.0000125200   -0.0000089700   -0.0000062600
   0.0000090200   -0.0000653600    0.0002813200
   0.0000070100   -0.0000025300   -0.0000059900
  -0.0000031200    0.0000043200   -0.0000116400
   0.0000033100    0.0000156300   -0.0000127100
  -0.0000044900   -0.0000066700   -0.0000556500
   0.0000000700   -0.0000059900    0.0000282400
  -0.0005933100   -0.0010035400    0.0027344500
   0.0006099300    0.0009057900    0.0031036700
   0.0000011700   -0.0000099700    0.0000352700
   0.0001119800   -0.0000658400   -0.0000539900
   0.0000043400    0.0000042700    0.0000357100
  -0.0000125500    0.0000131600   -0.0000059800
   0.0000025800    0.0000137000    0.0000278100
  -0.0002341400   -0.0001352300   -0.0142625000
   0.0000186100   -0.0000376500   -0.0000246900
  -0.0000276300   -0.0000118300   -0.0000119400
   0.0000098500    0.0000164800   -0.0000012600
  -0.0000233000    0.0000349500   -0.0000246800
   0.0000021100    0.0000012200    0.0000016700
   0.0000191900    0.0000003000   -0.0000012800
  -0.0000006400   -0.0000003700    0.0000003700
  -0.0000240600   -0.0000179900   -0.0000119400
   0.0010893900    0.0000753300    0.0031037300
   0.0000051200   -0.0000174300   -0.0000059600
  -0.0011657300   -0.0000120600    0.0027344400
  -0.0000080400   -0.0000005600   -0.0000556400
  -0.0000080600    0.0000059900    0.0000352500
   0.0000131400   -0.0000046300    0.0000278100
   0.0000058700    0.0000016300    0.0000357200
  -0.0000051500    0.0000030600    0.0000282500
  -0.0000010400    0.0001299100   -0.0000539900
  -0.0024450200    0.0006706000   -0.0003807600
  -0.0000062600   -0.0000048400   -0.0000046500
  -0.0000398800   -0.0000230300    0.0003622600
  -0.0006417500   -0.0024527500   -0.0003807500
  -0.0000775300   -0.0000447600    0.0002326400
   0.0000118100   -0.0000120900   -0.0000140300
   0.0000054400    0.0000031600   -0.0000060500
  -0.0000073100   -0.0000030000   -0.0000046500
  -0.0000045700    0.0000162700   -0.0000140200

100  
  0.0069924062091426   0.0000000000000000   0.0071488639241731
  -0.0028340900   -0.0005851000    0.0015674900
  -0.0000883800   -0.0000278700    0.0000745400
  -0.0000437600    0.0000017600    0.0000795900
  -0.0000096800    0.0000056500    0.0000323500
  -0.0000207900    0.0000009700   -0.0000058800
  -0.0000404000    0.0000252600    0.0000766900
  -0.0001101500   -0.0015771200    0.0006204000
  -0.0000192800   -0.0000062000    0.0000132200
   0.0009011000    0.0021520400    0.0025078500
   0.0520478300   -0.0240295900    0.0509771800
   0.0004540700    0.0001656400    0.0004628900
   0.0000252000    0.0000463700    0.0000060700
  -0.0000405900   -0.0000470800    0.0000014000
   0.0000140200    0.0001465300   -0.0001174200
   0.0000162700   -0.0000221200    0.0000220000
   0.0003603900   -0.0007308400    0.0005749700
  -0.0000081400    0.0000032500    0.0000095800
  -0.0001409200   -0.0000842600   -0.0000015700
  -0.0000626200    0.0003254800    0.0007346400
  -0.0001155000   -0.0004164900    0.0005058800
  -0.0000218900    0.0000217800    0.0000067500
  -0.0000341300   -0.0000657100    0.0000033300
  -0.0000025200    0.0000093100   -0.0000046300
   0.0000173900   -0.0000447500    0.0000130100
   0.0104349400    0.0255208700    0.0309475600
   0.0000160800   -0.0000449000   -0.0001392300
  -0.0000357300   -0.0000834100    0.0000932700
   0.0084240900   -0.0011641000    0.0103339900
   0.0000956800    0.0000546400    0.0000104000
   0.0005420700   -0.0001654200    0.0007804900
   0.0000995500   -0.0000372600    0.0000724600
   0.0000816400    0.0000574700    0.0000154100
  -0.0000213100    0.0000002700   -0.0000085300
  -0.0000046300    0.0001036900   -0.0000441700
  -0.0000240600   -0.0000124500   -0.0000189900
   0.0004044800    0.0008225600    0.0006637800
  -0.0016631800    0.0000002900    0.0130028900
   0.0000473300   -0.0001268200   -0.0000072500
   0.0000053000    0.0001115100    0.0000233900
  -0.0000644600   -0.0001261100   -0.0000231300
  -0.0000565300    0.0001701000    0.0000397100
   0.0000046600    0.0000000600   -0.0000060700
  -0.0000258900    0.0000436500   -0.0000381100
   0.0000061000   -0.0000000100   -0.0000015500
  -0.0000584200   -0.0000732500    0.0000553600
   0.0014150800    0.0028234500   -0.0023980900
   0.0000144100   -0.0000034300   -0.0000181600
  -0.0000701300    0.0000626300    0.0000344200
   0.0000066000    0.0000002500   -0.0000217700
  -0.0000034400    0.0000141900   -0.0000115300
   0.0000122200    0.0000145100   -0.0000203100
  -0.0001092800    0.0000708000    0.0000712600
   0.0000217900    0.0000053900   -0.0000258200
   0.0003401200    0.0015266600   -0.0017224200
  -0.0007798000   -0.0032078900    0.0019518000
  -0.0000112800   -0.0000091800   -0.0002344700
   0.0000062200   -0.0000056500    0.0000075900
   0.0000049000    0.0000076400    0.0000005100
   0.0000009600    0.0000073500    0.0000131400
  -0.0000125000    0.0000033400    0.0000082400
  -0.0020291500    0.0004197000    0.0007136200
  -0.0000068600   -0.0000121600    0.0000015900
   0.0001161000    0.0000463000   -0.0001144500
   0.0056775800    0.0003238900   -0.0029324200
   0.0000210600   -0.0000190700    0.0000028400
   0.0036075100   -0.0002563000   -0.0015817600
   0.0000124500   -0.0000087700    0.0000051900
   0.0000099100    0.0000141700   -0.0000216100
   0.0000356400   -0.0000074700   -0.0000260900
   0.0000219300   -0.0000124800   -0.0000141500
   0.0000162700    0.0000087300   -0.0000222900
   0.0000379300    0.0000630100    0.0000279000
   0.0000582400    0.0000259500   -0.0009825000
  -0.0000083300   -0.0000079800    0.0000042300
   0.0019903900    0.0015211600    0.0015194400
   0.0000359900   -0.0000198900   -0.0001697100
  -0.0000196900    0.0000149900    0.0000040400
   0.0000174100   -0.0000087400    0.0000026700
  -0.0000001500    0.0000207600   -0.0000016400
   0.0000024100   -0.0000122500    0.0000214200
   0.0000059400    0.0001033200   -0.0002590200
   0.0003668700   -0.0011250500   -0.0021069900
  -0.0001807800   -0.0001260400    0.0000195900
   0.0000216200   -0.0000220400   -0.0000295600
   0.0000294300    0.0000048800    0.0000171900
   0.0000070100    0.0000066900   -0.0000144500
  -0.0000063000    0.0000047500   -0.0000272300
   0.0012703700   -0.0032852400   -0.0027819900
   0.0000280600   -0.0000085200   -0.0000103400
  -0.0000930600   -0.0000604100   -0.0000598500
  -0.0004230500    0.0008003900   -0.0014272900
  -0.0000072100   -0.0000296200   -0.0000010200
   0.0001691700   -0.0000934800   -0.0002845800
   0.0000069100   -0.0000138100    0.0000066900
  -0.0000090100    0.0000003800    0.0000079700
   0.0000110700    0.0000260800   -0.0000017500
   0.0000844400   -0.0000279300   -0.0002250900
   0.0000016700    0.0000100700    0.0000182000
   0.0002758200    0.0004837500   -0.0001634400
  -0.0805345500   -0.0003718800   -0.0991580400
   0.0000495000   -0.0000144400   -0.0002823800
  -0.0000058100   -0.0000056700   -0.0002238700
   0.0000055200    0.0000184500   -0.0002292300
   0.0000162100    0.0000411100   -0.0002756400
   0.0000028600    0.0000000500    0.0000066700
   0.0000328500   -0.0000206300   -0.0002580700
   0.0000028400   -0.0000000400    0.0000067900
  -0.0000120200   -0.0000170400   -0.0002459800

100  
 -0.0069924062091426   0.0000000000000000  -0.0071488639241731
   0.0028671800    0.0005841300   -0.0015622600
   0.0000902300    0.0000289500   -0.0000742000
   0.0000465500   -0.0000041400   -0.0000812300
   0.0000110000   -0.0000062600   -0.0000323400
   0.0000223300   -0.0000001200    0.0000057000
   0.0000397400   -0.0000257400   -0.0000780600
   0.0001416400    0.0015690300   -0.0005959200
   0.0000219900    0.0000067200   -0.0000133300
  -0.0008734800   -0.0021642000   -0.0025360300
  -0.0542927200    0.0253019600   -0.0530375600
  -0.0004277100   -0.0001558300   -0.0004667300
  -0.0000237800   -0.0000460800   -0.0000072000
   0.0000403200    0.0000459000   -0.0000021400
  -0.0000138600   -0.0001473000    0.0001179400
  -0.0000171200    0.0000225100   -0.0000220800
  -0.0003487200    0.0007169100   -0.0005850900
   0.0000093500   -0.0000035300   -0.0000097400
   0.0001458600    0.0000834800    0.0000016000
   0.0000464800   -0.0002989600   -0.0007390800
   0.0001358100    0.0004295800   -0.0005072800
   0.0000220600   -0.0000221600   -0.0000069000
   0.0000336800    0.0000653600   -0.0000046900
   0.0000033100   -0.0000091500    0.0000046100
  -0.0000175400    0.0000466900   -0.0000144800
  -0.0104669800   -0.0260297600   -0.0312729600
  -0.0000159000    0.0000426600    0.0001379900
   0.0000367800    0.0000876200   -0.0000939500
  -0.0086135100    0.0010680000   -0.0101083700
  -0.0000946900   -0.0000532400   -0.0000118200
  -0.0006028200    0.0001682700   -0.0007765000
  -0.0001000900    0.0000367500   -0.0000729300
  -0.0000815800   -0.0000578200   -0.0000165400
   0.0000213500   -0.0000004700    0.0000082700
   0.0000059200   -0.0001029300    0.0000426600
   0.0000253900    0.0000127200    0.0000187900
  -0.0004255400   -0.0008595800   -0.0006630800
   0.0016935700    0.0000002100   -0.0131791700
  -0.0000489000    0.0001258200    0.0000066400
  -0.0000058000   -0.0001142400   -0.0000280200
   0.0000675500    0.0001274400    0.0000207000
   0.0000562400   -0.0001707100   -0.0000416300
  -0.0000048100    0.0000000300    0.0000059300
   0.0000257100   -0.0000419800    0.0000383700
  -0.0000065400   -0.0000000300    0.0000013600
   0.0000591100    0.0000725400   -0.0000586300
  -0.0014092400   -0.0028177000    0.0023911600
  -0.0000148200    0.0000033800    0.0000182800
   0.0000746400   -0.0000654400   -0.0000363300
  -0.0000066700    0.0000000800    0.0000218700
   0.0000033300   -0.0000143800    0.0000119600
  -0.0000121500   -0.0000144400    0.0000207500
   0.0001076700   -0.0000690000   -0.0000709000
  -0.0000223500   -0.0000055800    0.0000256100
  -0.0003151700   -0.0015360900    0.0017444100
   0.0007950700    0.0032692600   -0.0020019200
   0.0000094800    0.0000102700    0.0002312600
  -0.0000072300    0.0000056700   -0.0000076500
  -0.0000048800   -0.0000071400   -0.0000007700
  -0.0000013200   -0.0000078200   -0.0000132100
   0.0000128600   -0.0000035100   -0.0000085900
   0.0020382000   -0.0004164600   -0.0007236200
   0.0000058600    0.0000123900   -0.0000016300
  -0.0001244900   -0.0000504500    0.0001121000
  -0.0055932200   -0.0003264700    0.0029077600
  -0.0000216200    0.0000188500   -0.0000027100
  -0.0036808800    0.0002718500    0.0016135200
  -0.0000126700    0.0000084200   -0.0000032700
  -0.0000101500   -0.0000145100    0.0000217000
  -0.0000361600    0.0000080500    0.0000264700
  -0.0000221300    0.0000128400    0.0000141600
  -0.0000163100   -0.0000086400    0.0000216000
  -0.0000390900   -0.0000588900   -0.0000280600
  -0.0000831900   -0.0000077000    0.0009870900
   0.0000074400    0.0000079500   -0.0000045100
  -0.0019958900   -0.0015077800   -0.0015433900
  -0.0000370900    0.0000209400    0.0001658700
   0.0000196100   -0.0000153400   -0.0000042800
  -0.0000177800    0.0000099400   -0.0000024600
  -0.0000005900   -0.0000202900    0.0000015100
  -0.0000030600    0.0000124100   -0.0000216800
  -0.0000070300   -0.0001024000    0.0002592300
  -0.0003600500    0.0011281300    0.0021391000
   0.0001749500    0.0001237900   -0.0000215700
  -0.0000221100    0.0000224700    0.0000298600
  -0.0000295100   -0.0000045400   -0.0000173400
  -0.0000074500   -0.0000071100    0.0000141200
   0.0000065800   -0.0000045700    0.0000275600
  -0.0012702100    0.0032878500    0.0027865900
  -0.0000287500    0.0000083300    0.0000104300
   0.0000940600    0.0000621100    0.0000654400
   0.0004218600   -0.0008149900    0.0014328700
   0.0000065400    0.0000293300    0.0000007600
  -0.0001663700    0.0000927300    0.0002861700
  -0.0000070100    0.0000138600   -0.0000069300
   0.0000088800   -0.0000008500   -0.0000082000
  -0.0000108800   -0.0000258100    0.0000016300
  -0.0000853000    0.0000278400    0.0002195100
  -0.0000023100   -0.0000107300   -0.0000185300
  -0.0002314400   -0.0004786000    0.0001806500
   0.0828380200   -0.0003821200    0.1015337100
  -0.0000535000    0.0000143200    0.0002808500
   0.0000068400    0.0000051600    0.0002262800
  -0.0000038700   -0.0000186900    0.0002327300
  -0.0000171200   -0.0000418000    0.0002759600
  -0.0000030000    0.0000000300   -0.0000066000
  -0.0000343600    0.0000244800    0.0002604100
  -0.0000030000   -0.0000000700   -0.0000064800
   0.0000124500    0.0000181000    0.0002491000
