108  
9    

1    
  0.0067768454085811   0.0000000000000000   0.0073535274738178
  -0.1425322300    0.0003635900   -0.1841598000
   0.0011682300    0.0000808000    0.0003215500
   0.0011536100   -0.0000793600    0.0003125400
   0.0000243900   -0.0005754200    0.0003144200
   0.0000218500    0.0005783200    0.0003196900
   0.0000607800   -0.0000000600   -0.0000456500
   0.0000249000   -0.0007368800    0.0003189000
   0.0000607600   -0.0000001200   -0.0000456400
   0.0000213100    0.0007370800    0.0003151600
   0.0024561800   -0.0066246400   -0.0032863600
   0.0004858900    0.0005295100   -0.0000625400
   0.0000552200    0.0000397800    0.0000153900
   0.0004779300    0.0003438400   -0.0001455300
   0.0030585100    0.0070180100   -0.0032612700
  -0.0000133000    0.0000206400   -0.0000329100
  -0.0000506600    0.0000427600   -0.0000327200
   0.0000037000   -0.0000634000    0.0000155600
   0.0000496200    0.0000739400   -0.0000250900
   0.0029638100    0.0062809500   -0.0033445200
   0.0032580000   -0.0063288900   -0.0032945500
   0.0001764700    0.0000004100   -0.0000248900
   0.0000223800   -0.0000428200   -0.0000330600
   0.0013947100    0.0000007200   -0.0000630100
   0.0000238500    0.0000449500   -0.0000334300
   0.0010780200    0.0000067900   -0.0001375900
   0.0000085900    0.0000066900    0.0000159300
   0.0000086300   -0.0000065400    0.0000155900
   0.0024963500    0.0065053400   -0.0033532300
   0.0000550100   -0.0000399800    0.0000161400
   0.0004866300   -0.0005195200   -0.0000634600
   0.0029824600   -0.0069566900   -0.0033780600
   0.0004737100   -0.0003514500   -0.0001295500
  -0.0000130600   -0.0000193600   -0.0000335800
   0.0000476900   -0.0000736700   -0.0000247300
   0.0000023900    0.0000635900    0.0000159700
  -0.0000500400   -0.0000439900   -0.0000337700
   0.0476150300   -0.0227940500    0.0518457900
   0.0000009100    0.0000104300   -0.0000164000
   0.0002072100   -0.0004587300    0.0005992900
   0.0001974100    0.0003659800    0.0004167100
  -0.0000803800    0.0000395700   -0.0000094200
  -0.0000228400    0.0000007500    0.0000187500
   0.0000191400   -0.0000283200   -0.0000299200
   0.0000077400   -0.0000271800    0.0000095900
   0.0000004900   -0.0000788400    0.0000096900
   0.0458406000    0.0217504200    0.0499923600
   0.0001871100    0.0004686700    0.0005925600
   0.0000013500   -0.0000118400   -0.0000170900
  -0.0000819000   -0.0000376800   -0.0000078000
   0.0001812800   -0.0003878700    0.0004072600
  -0.0000229400   -0.0000004600    0.0000187600
  -0.0000023700    0.0000784400    0.0000103300
   0.0000076800    0.0000270500    0.0000098700
   0.0000196700    0.0000293700   -0.0000292300
   0.0000905700   -0.0007275800    0.0001873600
  -0.0000393600    0.0000145900    0.0000038000
   0.0001553100    0.0001216300    0.0005379500
   0.0081424800    0.0246699400    0.0316514100
   0.0000077300   -0.0001622500   -0.0000066100
  -0.0001557000    0.0000954800    0.0000317400
  -0.0000152700    0.0000388200   -0.0000122600
   0.0000043700   -0.0000319900    0.0000147600
  -0.0000217300    0.0000202000    0.0000031000
   0.0001420600   -0.0001126300    0.0005478400
  -0.0000391700   -0.0000144200    0.0000038900
   0.0000845800    0.0007465400    0.0001626100
   0.0081653900   -0.0239789800    0.0310557600
  -0.0001590000   -0.0000938100    0.0000297700
   0.0000041900    0.0001607400   -0.0000062800
   0.0000054100    0.0000320100    0.0000134400
  -0.0000148100   -0.0000405900   -0.0000107600
  -0.0000219700   -0.0000197700    0.0000032200
   0.0046192800   -0.0020378400    0.0118197000
   0.0007073000    0.0008194100    0.0001305200
  -0.0000151100    0.0000027400    0.0000187800
  -0.0001051300    0.0001346100    0.0000342400
   0.0007543600   -0.0001184200    0.0002985700
  -0.0000577000   -0.0000206800   -0.0000125500
   0.0001383100   -0.0000300300    0.0000150000
  -0.0000175500    0.0000125900   -0.0000021100
   0.0000229400    0.0000080300    0.0000323200
   0.0045536000    0.0020831400    0.0117832600
  -0.0000158900   -0.0000017900    0.0000199000
   0.0006996600   -0.0008338200    0.0001132600
   0.0007593100    0.0001215100    0.0003130600
  -0.0001046800   -0.0001378300    0.0000315700
  -0.0000572800    0.0000204900   -0.0000123100
   0.0000224700   -0.0000074600    0.0000320200
  -0.0000172900   -0.0000126100   -0.0000019700
   0.0001388900    0.0000287300    0.0000136100
  -0.0027431800    0.0011014300    0.0016338500
  -0.0000596800    0.0000133000    0.0000727000
  -0.0000551700   -0.0000110300    0.0000983700
   0.0013020700   -0.0023293300    0.0021369900
  -0.0006017700    0.0012425200    0.0011256100
  -0.0000153400    0.0000243000    0.0000102200
  -0.0000338900   -0.0000106600    0.0000054900
  -0.0000363500   -0.0000019800    0.0000848700
   0.0000083400   -0.0000136200    0.0000147200
  -0.0027192200   -0.0010974700    0.0016367200
  -0.0000544000    0.0000107700    0.0000996300
  -0.0000617800   -0.0000153600    0.0000742800
  -0.0005684400   -0.0012355400    0.0011349200
   0.0013378100    0.0023485200    0.0021441200
  -0.0000155500   -0.0000246900    0.0000096900
   0.0000082600    0.0000138000    0.0000143400
  -0.0000354700    0.0000048600    0.0000876100
  -0.0000343600    0.0000108900    0.0000052700

10   
  0.0067768454085811   0.0000000000000000   0.0073535274738178
   0.0025088800    0.0066994100   -0.0032673800
   0.0000547500   -0.0000325500    0.0000160600
   0.0004903400    0.0005193300   -0.0000727000
  -0.0000501600   -0.0000006300   -0.0000335900
   0.0000493300    0.0000738400   -0.0000252000
   0.0000026000    0.0000096800    0.0000161500
   0.0004766900    0.0003511700   -0.0001372500
  -0.0000133700    0.0000645300   -0.0000334400
   0.0029900100   -0.0062985000   -0.0032941700
  -0.1461097600    0.0008104300   -0.1852402300
   0.0007034400    0.0003110300    0.0003569300
   0.0006908200   -0.0001775300    0.0003468900
  -0.0001419000   -0.0001735100    0.0003499900
   0.0000138000    0.0003391500    0.0005259400
   0.0000302900    0.0000041300   -0.0000500500
  -0.0001418900   -0.0006629000    0.0003547500
   0.0000301100    0.0000040000   -0.0000500400
   0.0000123900    0.0006230700    0.0005207300
   0.0018807000   -0.0046605200   -0.0054677900
   0.0002826500   -0.0003225800    0.0002087600
   0.0000193000    0.0000306600    0.0000220900
   0.0000167700   -0.0000341200   -0.0000337500
  -0.0000009100    0.0000413500    0.0000226400
  -0.0000014500   -0.0000448500    0.0000043300
   0.0024628100    0.0044344100   -0.0040336200
  -0.0000134300   -0.0000386700    0.0000054700
   0.0002941000   -0.0003203000    0.0001992700
   0.0055088200   -0.0062249000   -0.0039704700
   0.0001161000   -0.0000228900   -0.0000336800
  -0.0001072700    0.0057808100   -0.0054256500
   0.0010371000   -0.0001164700    0.0002014900
   0.0000149200    0.0000225100    0.0000046000
  -0.0000049700   -0.0000386200    0.0000226000
   0.0000142400    0.0000351500    0.0000049900
  -0.0000046000   -0.0000168500    0.0000222400
   0.0010384800   -0.0001000400    0.0002020500
   0.0017747400    0.0025426500    0.0022074000
  -0.0000298600   -0.0000178100    0.0000059000
  -0.0001207300   -0.0012745600    0.0012904700
  -0.0000175100   -0.0000453800    0.0000037800
  -0.0000400600    0.0000022200    0.0000091800
   0.0000054800    0.0000151800    0.0000107700
  -0.0000777800    0.0000293800    0.0000633700
  -0.0000088800   -0.0000027700   -0.0000043600
  -0.0026049000   -0.0012852700    0.0013682200
   0.0073992100   -0.0240115200    0.0309790700
  -0.0001484000   -0.0001001100   -0.0000014500
   0.0000723800    0.0000674900   -0.0000598100
   0.0000158000    0.0000032500    0.0000061300
  -0.0000300200   -0.0000174700   -0.0000360800
  -0.0000146100   -0.0000254600   -0.0000038200
   0.0001042300    0.0000708900    0.0005895200
  -0.0000248700   -0.0000140400    0.0000026900
   0.0000919000    0.0009661200    0.0000959200
   0.0004483300    0.0007811200    0.0004424100
   0.0000480300    0.0000170900    0.0000297000
   0.0049214200   -0.0016335000    0.0115874300
   0.0007969900   -0.0001010500    0.0002406700
  -0.0000397200   -0.0000199700   -0.0000086500
  -0.0001179700    0.0001086900    0.0000476600
  -0.0000119700    0.0000046200    0.0000014500
   0.0000309400    0.0000314600    0.0000278500
   0.0001161500   -0.0001020900   -0.0000073800
  -0.0001066600    0.0003575800    0.0005874500
   0.0000280600   -0.0000042500   -0.0000336900
   0.0461489800    0.0226980200    0.0511785400
   0.0000706600   -0.0006345300    0.0003853400
  -0.0000048100    0.0000039600    0.0000034300
   0.0000029900   -0.0000963200   -0.0000704500
   0.0000139800    0.0000195100    0.0000088000
   0.0000416500    0.0000576600   -0.0000487600
  -0.0000090100    0.0001045600   -0.0000669800
   0.0078194700    0.0249664500    0.0327203700
   0.0000959000   -0.0001056200   -0.0000743800
  -0.0001650800    0.0000709000    0.0000364900
   0.0000073800   -0.0000250900   -0.0000108100
  -0.0000136200    0.0000053800    0.0000155000
  -0.0000114000    0.0000163200   -0.0000012200
   0.0000079500   -0.0006106300    0.0004546600
  -0.0000251000    0.0000158400    0.0000074700
   0.0000113800    0.0000792100    0.0005264000
  -0.0006556400    0.0010129100    0.0008963100
  -0.0000290000    0.0000217000   -0.0000031500
   0.0018603200   -0.0024299700    0.0026775300
  -0.0000444600    0.0000327000    0.0000317700
   0.0000091700   -0.0000260400    0.0000089800
  -0.0000281200   -0.0000050400   -0.0000081100
  -0.0000101200   -0.0000102800    0.0000203100
  -0.0000884400   -0.0000181500    0.0000404400
  -0.0025048800    0.0015511500    0.0017352900
   0.0071890700    0.0016270800    0.0114924500
   0.0000561400   -0.0000223400    0.0000264100
   0.0006147200   -0.0006909800    0.0005153900
   0.0004848500   -0.0000444900    0.0006904900
  -0.0001077100   -0.0001247600    0.0000085100
  -0.0000250300    0.0000126600   -0.0000123700
   0.0000287500   -0.0000235400    0.0000560900
  -0.0000191200   -0.0000012300   -0.0000145400
   0.0001313800    0.0000727300   -0.0000105000
   0.0519890800   -0.0242637700    0.0539480900
   0.0000615200   -0.0000128200   -0.0000159700
   0.0002077100   -0.0007409800    0.0007692300
   0.0003347900    0.0003434100    0.0006122100
  -0.0000314000    0.0001515900   -0.0000998100
   0.0000039400   -0.0000040100    0.0000036900
   0.0000219700   -0.0000328000   -0.0000465600
   0.0000163100   -0.0000219200    0.0000125900
  -0.0000666100   -0.0001290900   -0.0000799700

10   
 -0.0067768454085811   0.0000000000000000  -0.0073535274738178
  -0.0024418600   -0.0066455500    0.0033719700
  -0.0000557400    0.0000343300   -0.0000154200
  -0.0004826700   -0.0005295100    0.0000535100
   0.0000503400    0.0000022600    0.0000329400
  -0.0000481000   -0.0000737800    0.0000250400
  -0.0000039400   -0.0000100200   -0.0000153500
  -0.0004751200   -0.0003441500    0.0001382800
   0.0000127600   -0.0000652200    0.0000330800
  -0.0030537200    0.0062019100    0.0033452200
   0.1458893300    0.0000938200    0.1852386000
  -0.0006875400   -0.0003107700   -0.0003475800
  -0.0007002200    0.0001745700   -0.0003576600
   0.0001492600    0.0001760500   -0.0003547700
  -0.0000130700   -0.0003356800   -0.0005194700
  -0.0000301000   -0.0000044200    0.0000500600
   0.0001493300    0.0006604800   -0.0003499100
  -0.0000301700   -0.0000045800    0.0000500700
  -0.0000144000   -0.0006264200   -0.0005246100
  -0.0019724800    0.0047856800    0.0053329100
  -0.0002863900    0.0003200000   -0.0001951900
  -0.0000184300   -0.0000291300   -0.0000223500
  -0.0000180300    0.0000346500    0.0000341500
  -0.0000002200   -0.0000406300   -0.0000218100
   0.0000033300    0.0000446600   -0.0000058500
  -0.0023838800   -0.0045611600    0.0039697300
   0.0000130300    0.0000383500   -0.0000047100
  -0.0002906400    0.0003314600   -0.0002046000
  -0.0051787600    0.0061476200    0.0040319600
  -0.0001167500    0.0000228900    0.0000340800
  -0.0002032900   -0.0058414300    0.0053742100
  -0.0010426000    0.0001132700   -0.0002023300
  -0.0000133400   -0.0000229400   -0.0000055900
   0.0000034800    0.0000389300   -0.0000218500
  -0.0000139500   -0.0000353000   -0.0000051800
   0.0000037800    0.0000163200   -0.0000222100
  -0.0010413600    0.0001113700   -0.0002018400
  -0.0017353100   -0.0025233500   -0.0021923300
   0.0000297400    0.0000169400   -0.0000060600
   0.0001633000    0.0012739400   -0.0012888300
   0.0000186500    0.0000474200   -0.0000018200
   0.0000396100   -0.0000020900   -0.0000092200
  -0.0000053300   -0.0000150700   -0.0000109800
   0.0000779100   -0.0000292600   -0.0000623300
   0.0000070000    0.0000006200    0.0000060900
   0.0026305500    0.0012867600   -0.0013615300
  -0.0073801700    0.0247298700   -0.0315749800
   0.0001455000    0.0001011500    0.0000000100
  -0.0000760000   -0.0000687000    0.0000603200
  -0.0000151300   -0.0000036600   -0.0000067700
   0.0000306500    0.0000158000    0.0000371800
   0.0000145000    0.0000254100    0.0000041600
  -0.0001171200   -0.0000689300   -0.0005743600
   0.0000251700    0.0000140900   -0.0000026900
  -0.0001008300   -0.0009518300   -0.0001189000
  -0.0004322300   -0.0007931800   -0.0004298900
  -0.0000479200   -0.0000162300   -0.0000306000
  -0.0048173700    0.0017080800   -0.0115791100
  -0.0007980200    0.0001071200   -0.0002542400
   0.0000394700    0.0000196800    0.0000083800
   0.0001177400   -0.0001108200   -0.0000457800
   0.0000117300   -0.0000046000   -0.0000015100
  -0.0000308500   -0.0000311700   -0.0000275800
  -0.0001159300    0.0001021600    0.0000084400
   0.0000907400   -0.0003455400   -0.0005952500
  -0.0000275000    0.0000035800    0.0000340100
  -0.0480128500   -0.0237806800   -0.0531117900
  -0.0000864800    0.0006143600   -0.0003960000
   0.0000051700   -0.0000035900   -0.0000033500
  -0.0000047500    0.0000982900    0.0000726600
  -0.0000140100   -0.0000197100   -0.0000085600
  -0.0000412200   -0.0000570300    0.0000495700
   0.0000073800   -0.0001049000    0.0000675400
  -0.0078898400   -0.0242863500   -0.0321531700
  -0.0000926900    0.0001040000    0.0000745300
   0.0001669300   -0.0000690500   -0.0000339900
  -0.0000081100    0.0000235700    0.0000094900
   0.0000125000   -0.0000056600   -0.0000148600
   0.0000114300   -0.0000163500    0.0000010400
   0.0000020700    0.0006186400   -0.0004366900
   0.0000248000   -0.0000157900   -0.0000074800
   0.0000010200   -0.0000733200   -0.0005350500
   0.0006277200   -0.0010039500   -0.0009098000
   0.0000296600   -0.0000223100    0.0000031900
  -0.0018969700    0.0024518200   -0.0026897900
   0.0000438000   -0.0000308200   -0.0000338200
  -0.0000091700    0.0000262300   -0.0000085300
   0.0000287900    0.0000049200    0.0000080200
   0.0000122000    0.0000080900   -0.0000220400
   0.0000888300    0.0000182700   -0.0000412100
   0.0024865900   -0.0015524100   -0.0017408700
  -0.0073116700   -0.0015498100   -0.0114844800
  -0.0000571200    0.0000231900   -0.0000253100
  -0.0006320600    0.0006790600   -0.0005297500
  -0.0004873800    0.0000510100   -0.0006725900
   0.0001074500    0.0001217800   -0.0000096100
   0.0000256300   -0.0000130500    0.0000126900
  -0.0000293100    0.0000240200   -0.0000560600
   0.0000194100    0.0000013000    0.0000148700
  -0.0001318600   -0.0000740600    0.0000101200
  -0.0498867800    0.0230112000   -0.0519610600
  -0.0000608800    0.0000115600    0.0000158700
  -0.0001854000    0.0007567000   -0.0007606800
  -0.0003210200   -0.0003641900   -0.0005999400
   0.0000319300   -0.0001500100    0.0000979200
  -0.0000044100    0.0000043500   -0.0000038300
  -0.0000223200    0.0000332500    0.0000457100
  -0.0000163600    0.0000217300   -0.0000132800
   0.0000689400    0.0001296100    0.0000790100

37   
  0.0100000000000000   0.0000000000000000   0.0000000000000000
   0.0374722900   -0.0146988200    0.0281783300
   0.0006858400    0.0003537000   -0.0003487800
  -0.0000112500   -0.0000501000    0.0000111900
   0.0000304200    0.0000304800   -0.0000018800
   0.0001005400    0.0000663200   -0.0000942700
  -0.0000072600   -0.0000296500    0.0000171600
   0.0007047800   -0.0009372300   -0.0003915800
  -0.0000592100    0.0000156200    0.0000237100
  -0.0001369700   -0.0001737800    0.0000159000
   0.0008063600    0.0028272700    0.0016226200
   0.0013004900   -0.0027599000   -0.0013775800
  -0.0000440900   -0.0000077100   -0.0000001200
  -0.0000653800    0.0000145800   -0.0000441600
  -0.0037680600   -0.0000262600   -0.0000787600
  -0.0000716200   -0.0000256300    0.0000557000
  -0.0000458900   -0.0000005800    0.0000173700
  -0.0000171900    0.0000189900    0.0000232000
  -0.0000228800   -0.0000176200   -0.0000330500
   0.0005371600   -0.0004778000    0.0005454200
   0.0391191000    0.0159180200   -0.0295174500
   0.0000612900    0.0000625300   -0.0000190300
  -0.0000011900    0.0000193300   -0.0000173700
   0.0000213200   -0.0000508100    0.0000805400
   0.0000320100    0.0000237600    0.0000193800
   0.0005419400    0.0006663500    0.0004349000
  -0.0001099800    0.0001112300   -0.0000801000
  -0.0000420900   -0.0000065500   -0.0000256200
   0.0112416000   -0.0001942800   -0.0002747300
  -0.0000395900    0.0000659200   -0.0001651600
  -0.0000673600   -0.0000193500    0.0001624300
   0.0000712000    0.0008640300    0.0000599900
   0.0000873100   -0.0007475900    0.0000717100
  -0.0000371000    0.0000041700    0.0000002200
  -0.0000317800   -0.0000166600   -0.0000118200
  -0.0000194600    0.0000039900   -0.0000019900
   0.0000168300    0.0000125500    0.0000051900
  -0.1059896400    0.0000235700    0.0018904500
   0.0000154800   -0.0000667800   -0.0000197500
   0.0000170400    0.0000529900   -0.0000226600
   0.0000203100   -0.0000623800    0.0000487900
   0.0000274300    0.0000661200   -0.0000694000
   0.0000138200   -0.0000024600   -0.0000016300
   0.0000202300    0.0000569300    0.0000746600
   0.0000138800   -0.0000028000   -0.0000018300
   0.0000275500   -0.0000156000   -0.0000426400
   0.0009752300    0.0007476800    0.0012282500
   0.0010812900   -0.0011347200   -0.0013302200
   0.0000028300    0.0000043700   -0.0000010800
   0.0000042000   -0.0000318200   -0.0000025000
  -0.0000114800    0.0000517700    0.0000271400
   0.0000112000    0.0000226400   -0.0000087300
  -0.0000112700    0.0000411500   -0.0000246600
   0.0000111400    0.0000097900   -0.0000148300
   0.0000042200   -0.0000158600    0.0000160000
   0.0014102700   -0.0045168300   -0.0005148400
   0.0000419100   -0.0000237300    0.0000093200
  -0.0000949200   -0.0000323800   -0.0001187500
   0.0011415600   -0.0033316000    0.0004674800
  -0.0001397600   -0.0000081400   -0.0000020700
   0.0000517300   -0.0000154700    0.0000027400
   0.0000207600   -0.0000271000    0.0000165300
   0.0000042700    0.0000120100   -0.0000092600
  -0.0000012500    0.0000014100   -0.0000023700
  -0.0009622800   -0.0000381700    0.0004684500
   0.0000109800   -0.0000227300   -0.0000109300
   0.0000683200    0.0000052100    0.0000536500
  -0.0008834600   -0.0017934600    0.0015524100
   0.0000783400   -0.0000013900   -0.0000161700
   0.0000144100    0.0000215700    0.0000041000
  -0.0000032700   -0.0000079700   -0.0000040700
   0.0000003100    0.0000296400    0.0000044100
   0.0000001300   -0.0000157900    0.0000012700
   0.0076336400   -0.0004564100    0.0011133800
   0.0090724100    0.0001506800   -0.0013394200
   0.0000658500    0.0000005900    0.0000027300
   0.0000337300   -0.0000287800    0.0000059800
  -0.0000519700   -0.0000407000   -0.0000574800
   0.0000296300    0.0000305900   -0.0000040500
  -0.0000518200    0.0000090900   -0.0000118700
   0.0000296300   -0.0000192500    0.0000078800
   0.0000337800    0.0000259700   -0.0000077000
  -0.0022374500   -0.0000418100   -0.0002073000
   0.0000453300   -0.0001620200    0.0000272200
   0.0000460500    0.0001631600   -0.0000087700
  -0.0000823700   -0.0002353800   -0.0000069200
  -0.0000887000    0.0002440300    0.0000110500
   0.0000163000   -0.0000002000    0.0000021300
  -0.0000841000    0.0000896000   -0.0000091700
   0.0000162700   -0.0000004200    0.0000010300
  -0.0000873100   -0.0000785000   -0.0000123100
  -0.0007566400    0.0002668900   -0.0002387800
   0.0001021600   -0.0000639200   -0.0001557500
  -0.0000038600    0.0000126600    0.0000072900
   0.0001495900   -0.0000723500    0.0000107600
  -0.0013388100    0.0026531100   -0.0018742000
  -0.0000087000   -0.0000251300   -0.0000047400
   0.0000038100    0.0000221100   -0.0000029500
  -0.0000022800   -0.0000169300   -0.0000132200
  -0.0000031700   -0.0000031600    0.0000074300
   0.0013320100    0.0035870600    0.0007351600
  -0.0002154000    0.0001301700    0.0000857000
   0.0000288000    0.0000179600   -0.0000074200
  -0.0001454200    0.0000961600   -0.0000123200
   0.0012297000    0.0029130100   -0.0005483700
   0.0000381300    0.0000120800    0.0000005600
   0.0000118800   -0.0000051400    0.0000022900
   0.0000025600   -0.0000044700    0.0000131500
   0.0000130800    0.0000114300   -0.0000197100

37   
 -0.0100000000000000   0.0000000000000000   0.0000000000000000
  -0.0382352900    0.0151172900   -0.0291240300
  -0.0006438200   -0.0003405900    0.0003397400
   0.0000098700    0.0000523000   -0.0000114100
  -0.0000318800   -0.0000306100    0.0000026100
  -0.0001025700   -0.0000652900    0.0000954800
   0.0000072400    0.0000291100   -0.0000169000
  -0.0006917400    0.0009279500    0.0003800700
   0.0000593300   -0.0000154000   -0.0000234700
   0.0001376200    0.0001748900   -0.0000164800
  -0.0008355100   -0.0028692500   -0.0016361800
  -0.0012611100    0.0027217100    0.0013700000
   0.0000442700    0.0000080500    0.0000005700
   0.0000663500   -0.0000151400    0.0000463800
   0.0037774700    0.0000527800    0.0000870900
   0.0000712900    0.0000253700   -0.0000539400
   0.0000461100   -0.0000005800   -0.0000180400
   0.0000174300   -0.0000188900   -0.0000228300
   0.0000230000    0.0000179800    0.0000336400
  -0.0005762500    0.0004937600   -0.0005561800
  -0.0383332700   -0.0154338800    0.0285115900
  -0.0000590100   -0.0000601200    0.0000187000
   0.0000013300   -0.0000194000    0.0000177400
  -0.0000189300    0.0000514500   -0.0000804900
  -0.0000304000   -0.0000234800   -0.0000186200
  -0.0005529000   -0.0006725000   -0.0004446100
   0.0001089800   -0.0001105600    0.0000791600
   0.0000422700    0.0000065300    0.0000258700
  -0.0112582900    0.0003611700    0.0003582500
   0.0000386100   -0.0000670800    0.0001630100
   0.0000686200    0.0000179600   -0.0001642900
  -0.0000786100   -0.0008709600   -0.0000637800
  -0.0000803000    0.0007385300   -0.0000750800
   0.0000371500   -0.0000044300    0.0000003100
   0.0000325000    0.0000155400    0.0000117100
   0.0000193700   -0.0000038500    0.0000023300
  -0.0000169300   -0.0000134000   -0.0000053700
   0.1059376400   -0.0012024700    0.0000468100
  -0.0000172200    0.0000650100    0.0000179100
  -0.0000157200   -0.0000545000    0.0000206900
  -0.0000206400    0.0000646700   -0.0000493000
  -0.0000269400   -0.0000639000    0.0000689000
  -0.0000137300    0.0000027200    0.0000015300
  -0.0000206700   -0.0000553700   -0.0000736400
  -0.0000137000    0.0000024000    0.0000019500
  -0.0000268200    0.0000167900    0.0000432300
  -0.0009724900   -0.0007317300   -0.0012343000
  -0.0010836400    0.0011460800    0.0013221800
  -0.0000029800   -0.0000043200    0.0000010300
  -0.0000040600    0.0000323700    0.0000027300
   0.0000109400   -0.0000554000   -0.0000311900
  -0.0000112500   -0.0000222700    0.0000089700
   0.0000111600   -0.0000407700    0.0000232700
  -0.0000113200   -0.0000094200    0.0000150200
  -0.0000040500    0.0000162200   -0.0000158800
  -0.0014296200    0.0044973200    0.0005230100
  -0.0000413700    0.0000231800   -0.0000090400
   0.0000950800    0.0000333200    0.0001209800
  -0.0011369400    0.0033666500   -0.0004652700
   0.0001359100    0.0000082500    0.0000011900
  -0.0000523900    0.0000157200   -0.0000031700
  -0.0000205800    0.0000274500   -0.0000166200
  -0.0000042800   -0.0000120000    0.0000091100
   0.0000012000   -0.0000011700    0.0000025400
   0.0009557300    0.0000383100   -0.0004596200
  -0.0000112100    0.0000224600    0.0000111600
  -0.0000697000   -0.0000054200   -0.0000583900
   0.0009049600    0.0018434400   -0.0015735900
  -0.0000816100    0.0000006700    0.0000125200
  -0.0000141400   -0.0000221700   -0.0000040300
   0.0000034400    0.0000080300    0.0000040000
  -0.0000004100   -0.0000301500   -0.0000041800
   0.0000001400    0.0000165400   -0.0000012200
  -0.0078333600    0.0004586700   -0.0011279100
  -0.0088542300   -0.0001541800    0.0013265500
  -0.0000659300   -0.0000014900   -0.0000024900
  -0.0000338100    0.0000294400   -0.0000064500
   0.0000515800    0.0000424700    0.0000571500
  -0.0000295700   -0.0000301400    0.0000037100
   0.0000517100   -0.0000066200    0.0000136100
  -0.0000296300    0.0000190500   -0.0000083000
  -0.0000338100   -0.0000262100    0.0000072700
   0.0022404500    0.0000408900    0.0002641200
  -0.0000459300    0.0001605400   -0.0000268300
  -0.0000452600   -0.0001650000    0.0000090300
   0.0000842500    0.0002361900    0.0000068700
   0.0000878700   -0.0002435700   -0.0000117900
  -0.0000161800    0.0000003900   -0.0000021100
   0.0000825800   -0.0000896800    0.0000100800
  -0.0000161300    0.0000002000   -0.0000010300
   0.0000892700    0.0000785600    0.0000128900
   0.0007699200   -0.0002670100    0.0002565600
  -0.0001003200    0.0000625500    0.0001496100
   0.0000043200   -0.0000127400   -0.0000068200
  -0.0001472200    0.0000720900   -0.0000148100
   0.0013107700   -0.0025902900    0.0018548200
   0.0000084700    0.0000243500    0.0000051100
  -0.0000038300   -0.0000217100    0.0000032500
   0.0000023400    0.0000165900    0.0000137700
   0.0000031500    0.0000030300   -0.0000073100
  -0.0013206600   -0.0036051700   -0.0007343400
   0.0002144500   -0.0001279700   -0.0000842300
  -0.0000291100   -0.0000185000    0.0000073900
   0.0001497800   -0.0000978400    0.0000103300
  -0.0012317700   -0.0028870200    0.0005479400
  -0.0000375600   -0.0000119200   -0.0000010400
  -0.0000117800    0.0000050400   -0.0000023400
  -0.0000023400    0.0000047900   -0.0000134700
  -0.0000132600   -0.0000112600    0.0000194000

37   
  0.0000000000000000   0.0000000000000000   0.0100000000000000
   0.0283834000   -0.0163871600    0.0421988600
   0.0003673600    0.0001066100    0.0004830300
  -0.0000263600    0.0000370300    0.0000001800
  -0.0000452700    0.0000042800    0.0000001700
  -0.0000019300    0.0000324900    0.0000159600
   0.0000082700   -0.0000047400    0.0000048200
   0.0000913200   -0.0003714600    0.0004830100
   0.0000230600   -0.0000133300    0.0000036100
  -0.0000290900   -0.0000145700    0.0000159500
   0.0009700500    0.0008808600    0.0021103100
  -0.0010424000    0.0006018000    0.0027016600
   0.0000067300   -0.0000121700    0.0000016000
   0.0000306400   -0.0000176500    0.0000548900
  -0.0002778700   -0.0012805200    0.0021103100
  -0.0000335800    0.0000059100    0.0000226100
  -0.0000219300    0.0000261000    0.0000226100
   0.0000139000    0.0000002100    0.0000015900
   0.0000004800   -0.0000002800    0.0000118300
  -0.0004347900    0.0001159300    0.0004294800
  -0.0302595200   -0.0164748900    0.0428676000
   0.0000181500    0.0000547400   -0.0000157400
  -0.0000084300   -0.0000008000    0.0000065900
   0.0000151200    0.0000903000   -0.0000165700
   0.0000591700    0.0000195100   -0.0000034900
  -0.0000254700   -0.0001360600    0.0006955600
   0.0000960300   -0.0000070100   -0.0000512400
  -0.0000109400   -0.0000038900   -0.0000039700
  -0.0008620800    0.0344428500    0.0428675800
   0.0000540700   -0.0000796900   -0.0000512500
  -0.0000706500   -0.0000582900   -0.0000165600
  -0.0003177300    0.0003186200    0.0004294800
   0.0001050800    0.0000900500    0.0006955700
  -0.0000035500    0.0000077000    0.0000066000
  -0.0000382900   -0.0000430800   -0.0000157600
  -0.0000021500    0.0000113800   -0.0000039800
   0.0000127000   -0.0000609900   -0.0000035000
   0.0009009800   -0.0005194700   -0.1326202000
  -0.0000238700   -0.0000690900   -0.0002038600
  -0.0000162200   -0.0000963900   -0.0002042800
   0.0000753200    0.0000622000   -0.0002042900
  -0.0000437100    0.0000538800   -0.0002492500
  -0.0000017500    0.0000010200    0.0000044100
   0.0000478900    0.0000552200   -0.0002038900
  -0.0000015400    0.0000008800    0.0000044800
  -0.0000684700    0.0000109000   -0.0002492200
   0.0012360100    0.0011002600    0.0003184000
  -0.0013319600    0.0013103700    0.0002136000
  -0.0000010500   -0.0000041100    0.0000135600
   0.0000156800   -0.0000042200    0.0000071100
  -0.0000238200    0.0000005300   -0.0003125300
  -0.0000146600   -0.0000041100    0.0000158700
   0.0000283900    0.0000476900   -0.0003103200
  -0.0000088200    0.0000066300    0.0000158400
  -0.0000027200    0.0000062100    0.0000068700
   0.0007979900   -0.0010515500   -0.0029327700
   0.0000012100   -0.0000036200   -0.0000241500
   0.0000117100   -0.0000077100    0.0000552800
  -0.0006491500    0.0009013200   -0.0030560400
  -0.0000645000   -0.0001028900    0.0000535900
  -0.0000015200   -0.0000094500   -0.0000334000
   0.0000138900    0.0000110200    0.0000059200
  -0.0000033900    0.0000050400   -0.0000338700
   0.0000013400    0.0000101400   -0.0000236800
  -0.0018007900    0.0004983000    0.0002136000
  -0.0000101500    0.0000043100    0.0000158400
  -0.0000123800    0.0000203700   -0.0003125400
  -0.0003348400   -0.0016205300    0.0003184600
  -0.0000271200   -0.0000484500   -0.0003103300
   0.0000114800   -0.0000114700    0.0000071100
   0.0000030300    0.0000029600    0.0000135600
  -0.0000067400   -0.0000008000    0.0000069000
  -0.0000037600    0.0000147500    0.0000158800
  -0.0011051300    0.0001115000   -0.0030560300
   0.0013096500   -0.0001653300   -0.0029327100
  -0.0000026100   -0.0000175800    0.0000059200
   0.0000074300    0.0000060300   -0.0000334100
   0.0000125600   -0.0000063000    0.0000552600
  -0.0000081100   -0.0000062300   -0.0000236700
   0.0000568300    0.0001073000    0.0000535900
   0.0000037300    0.0000007400   -0.0000241400
  -0.0000060900    0.0000004000   -0.0000338400
   0.0002332300   -0.0001346400    0.0139124300
   0.0000090500   -0.0000031100    0.0000351500
  -0.0000271100   -0.0000269200    0.0000353600
   0.0000097400    0.0000369100    0.0000353600
   0.0000126200    0.0000205400   -0.0000211900
  -0.0000009400    0.0000005600    0.0000002700
   0.0000072400   -0.0000062800    0.0000351700
  -0.0000020900    0.0000012000    0.0000002200
  -0.0000114400   -0.0000212000   -0.0000212300
   0.0025057000    0.0006372700    0.0003775000
   0.0000066600   -0.0000038600   -0.0003419400
   0.0000046600   -0.0000039600    0.0000049100
   0.0000903900   -0.0000521300   -0.0002477800
   0.0007009300   -0.0024886500    0.0003774900
  -0.0000101800   -0.0000119700    0.0000148100
   0.0000052500    0.0000147600    0.0000147700
   0.0000057400   -0.0000020400    0.0000048500
  -0.0000021400    0.0000012100    0.0000084200
  -0.0001832300   -0.0011116400   -0.0031377700
  -0.0000014600    0.0000008400    0.0000271900
   0.0000057000   -0.0000054100   -0.0000325900
   0.0000932100   -0.0000537600    0.0000373900
   0.0008710600    0.0007144800   -0.0031377600
  -0.0000112700   -0.0000008200   -0.0000231200
  -0.0000049600    0.0000101300   -0.0000230800
   0.0000075100   -0.0000022100   -0.0000325300
  -0.0000177400    0.0000102200    0.0000056100

37   
  0.0000000000000000   0.0000000000000000  -0.0100000000000000
  -0.0293314100    0.0169344800   -0.0430829600
  -0.0003319700   -0.0001162400   -0.0004924500
   0.0000269800   -0.0000374400   -0.0000030200
   0.0000458900   -0.0000046500   -0.0000030100
   0.0000043900   -0.0000343800   -0.0000170100
  -0.0000090400    0.0000052500   -0.0000052000
  -0.0000653300    0.0003456000   -0.0004924600
  -0.0000231000    0.0000133100   -0.0000037700
   0.0000319900    0.0000133700   -0.0000170200
  -0.0009430300   -0.0008594500   -0.0021091000
   0.0010141200   -0.0005855100   -0.0027016700
  -0.0000067500    0.0000124700   -0.0000021200
  -0.0000311700    0.0000179600   -0.0000595300
   0.0002727400    0.0012463700   -0.0021091000
   0.0000343600   -0.0000058200   -0.0000259500
   0.0000222300   -0.0000269200   -0.0000259500
  -0.0000141600   -0.0000004100   -0.0000021200
  -0.0000001200    0.0000000900   -0.0000125000
   0.0004009600   -0.0001226600   -0.0004380200
   0.0312985500    0.0170886600   -0.0437835500
  -0.0000189900   -0.0000549300    0.0000135200
   0.0000091100    0.0000011300   -0.0000070700
  -0.0000187100   -0.0000914800    0.0000170200
  -0.0000597900   -0.0000209300    0.0000016800
   0.0000025200    0.0001119000   -0.0007014700
  -0.0001001200    0.0000050400    0.0000508300
   0.0000110300    0.0000037700    0.0000038200
   0.0008500400   -0.0356496600   -0.0437834700
  -0.0000544600    0.0000841700    0.0000508400
   0.0000698900    0.0000619400    0.0000170300
   0.0003067200   -0.0002859300   -0.0004380400
  -0.0000956100   -0.0000582000   -0.0007014500
   0.0000036100   -0.0000084500   -0.0000070600
   0.0000380500    0.0000438800    0.0000135000
   0.0000021900   -0.0000114700    0.0000038100
  -0.0000117800    0.0000622500    0.0000016700
  -0.0009420000    0.0005445900    0.1354891900
   0.0000194900    0.0000692400    0.0002085100
   0.0000214900    0.0000966700    0.0002081100
  -0.0000729100   -0.0000669600    0.0002081400
   0.0000422100   -0.0000562900    0.0002534000
   0.0000019900   -0.0000011400   -0.0000039200
  -0.0000502200   -0.0000515000    0.0002084700
   0.0000016200   -0.0000009400   -0.0000039000
   0.0000698600   -0.0000084200    0.0002533900
  -0.0012264300   -0.0010873200   -0.0003169500
   0.0013202200   -0.0012926400   -0.0002143700
   0.0000010300    0.0000039900   -0.0000132100
  -0.0000161900    0.0000043300   -0.0000066000
   0.0000240600    0.0000059700    0.0003105500
   0.0000151300    0.0000042000   -0.0000155800
  -0.0000299600   -0.0000480200    0.0003128300
   0.0000088700   -0.0000065200   -0.0000156600
   0.0000024900   -0.0000062800   -0.0000067400
  -0.0008299000    0.0010865500    0.0029583000
  -0.0000015500    0.0000036600    0.0000242100
  -0.0000103600    0.0000089600   -0.0000509800
   0.0006590100   -0.0009307300    0.0030898600
   0.0000604700    0.0001016000   -0.0000527800
   0.0000018300    0.0000097600    0.0000346800
  -0.0000141200   -0.0000111000   -0.0000049200
   0.0000031100   -0.0000054400    0.0000342200
  -0.0000008600   -0.0000098900    0.0000246800
   0.0017795500   -0.0004970500   -0.0002143500
   0.0000100900   -0.0000044000   -0.0000156300
   0.0000068900   -0.0000238200    0.0003105600
   0.0003284200    0.0016057800   -0.0003169700
   0.0000266000    0.0000499500    0.0003128300
  -0.0000118300    0.0000118100   -0.0000065600
  -0.0000029700   -0.0000028800   -0.0000132800
   0.0000066600    0.0000009400   -0.0000067500
   0.0000039200   -0.0000152100   -0.0000155900
   0.0011355300   -0.0001053500    0.0030898900
  -0.0013559400    0.0001754600    0.0029582900
   0.0000025800    0.0000177700   -0.0000049800
  -0.0000075900   -0.0000064700    0.0000347100
  -0.0000129600    0.0000045100   -0.0000509800
   0.0000081400    0.0000056700    0.0000246800
  -0.0000577800   -0.0001031600   -0.0000527700
  -0.0000039400   -0.0000004900    0.0000242400
   0.0000062600    0.0000000000    0.0000342100
  -0.0002380900    0.0001374600   -0.0142087400
  -0.0000086900    0.0000024400   -0.0000373800
   0.0000269100    0.0000264600   -0.0000371500
  -0.0000094200   -0.0000365700   -0.0000371800
  -0.0000125000   -0.0000204200    0.0000201300
   0.0000011300   -0.0000006300    0.0000000200
  -0.0000064800    0.0000062800   -0.0000373200
   0.0000021600   -0.0000012500    0.0000000900
   0.0000114400    0.0000210400    0.0000201300
  -0.0024878700   -0.0006373100   -0.0003794300
  -0.0000014100    0.0000008100    0.0003423200
  -0.0000045000    0.0000038600   -0.0000044600
  -0.0000917400    0.0000529600    0.0002520400
  -0.0006920000    0.0024731800   -0.0003794800
   0.0000106300    0.0000121500   -0.0000139900
  -0.0000051700   -0.0000153000   -0.0000139500
  -0.0000055600    0.0000019300   -0.0000044600
   0.0000019200   -0.0000011000   -0.0000079400
   0.0002033000    0.0011299000    0.0031638000
   0.0000001800   -0.0000001100   -0.0000235600
  -0.0000050600    0.0000052700    0.0000320900
  -0.0000889500    0.0000513500   -0.0000370600
  -0.0008768700   -0.0007410500    0.0031638400
   0.0000110900    0.0000009000    0.0000237600
   0.0000048000   -0.0000100800    0.0000237300
  -0.0000070600    0.0000017000    0.0000320800
   0.0000179000   -0.0000103300   -0.0000050700

91   
  0.0067768454085811   0.0000000000000000   0.0073535274738178
  -0.0027493600    0.0006301400    0.0016328700
  -0.0000453000   -0.0000056900    0.0000899400
  -0.0000726100    0.0000212500    0.0000832700
  -0.0000187100   -0.0000009700   -0.0000096800
  -0.0000085300   -0.0000046300    0.0000293400
  -0.0000356400   -0.0000161500    0.0000869800
   0.0009002400   -0.0021111600    0.0025279500
  -0.0000167800    0.0000060800    0.0000098300
  -0.0001957500    0.0014702300    0.0007450800
   0.0066849400    0.0019221100    0.0119783200
   0.0003054100    0.0000312500    0.0008402500
   0.0000809900   -0.0000596200    0.0000034900
   0.0000810500   -0.0000308200    0.0000085600
   0.0000697100    0.0000263600    0.0000471600
  -0.0000167000   -0.0000029600   -0.0000173500
   0.0004584000   -0.0005596800    0.0007170300
  -0.0000201700    0.0000094900   -0.0000179700
  -0.0000120000   -0.0000960500   -0.0000791400
   0.0000820000    0.0003888000    0.0005210000
  -0.0002468400   -0.0004749100    0.0007711000
  -0.0000218100   -0.0000175600   -0.0000009500
   0.0000355000    0.0000307700    0.0000109000
  -0.0000037300   -0.0000101000   -0.0000045200
  -0.0000302100    0.0000599900    0.0000002800
   0.0100196900   -0.0262575600    0.0324137400
  -0.0000529500    0.0000658800    0.0000823200
  -0.0000104900    0.0000459700   -0.0001711700
   0.0527018400    0.0246404700    0.0534187200
   0.0000359100   -0.0000415000    0.0000078000
   0.0005272200   -0.0002726100    0.0004500000
  -0.0000057800   -0.0001187500   -0.0001373200
  -0.0000295900    0.0000421800    0.0000022200
   0.0000138600    0.0000205800    0.0000154500
  -0.0001307100    0.0000768000   -0.0000101300
  -0.0000024900    0.0000007200    0.0000090900
   0.0003602300    0.0008875700    0.0005769800
  -0.0007065800    0.0035066900    0.0019945900
   0.0000029600    0.0000022900    0.0000062900
  -0.0000430500    0.0000225800   -0.0002475400
   0.0000006000   -0.0000092200    0.0000139300
   0.0000034800   -0.0000050000    0.0000046700
  -0.0000115000   -0.0000024700    0.0000071700
   0.0001146900   -0.0000564800   -0.0001207200
  -0.0000088400    0.0000106200    0.0000032900
  -0.0022751500   -0.0006193000    0.0007550000
   0.0014367700   -0.0027783200   -0.0024453400
  -0.0000857300   -0.0000526300    0.0000184300
   0.0000141400    0.0000072300   -0.0000203500
  -0.0000055200   -0.0000162600   -0.0000083800
   0.0000096600    0.0000018200   -0.0000206200
   0.0000113500   -0.0000140200   -0.0000191100
   0.0004179600   -0.0015463800   -0.0017365500
   0.0000263100   -0.0000052500   -0.0000247500
  -0.0001075000   -0.0000695600    0.0000888300
   0.0021804800   -0.0015789900    0.0015093300
  -0.0000052800    0.0000063800    0.0000059600
  -0.0001887100   -0.0001999400   -0.0009455100
   0.0000166600    0.0000117400   -0.0001818800
   0.0000107500    0.0000076300    0.0000023700
  -0.0000196300   -0.0000123500    0.0000041300
  -0.0000016100    0.0000150100    0.0000210900
  -0.0000042200   -0.0000212900   -0.0000002100
  -0.0000050800   -0.0001295200   -0.0002520800
   0.0037704900    0.0001826700   -0.0016109900
   0.0000227900    0.0000166500    0.0000038100
   0.0055836700   -0.0003352700   -0.0030287700
   0.0000138600    0.0000095300    0.0000262900
   0.0000341300    0.0000107900   -0.0000227100
   0.0000034300   -0.0000154500   -0.0000253000
   0.0000198600   -0.0000119700   -0.0000212300
   0.0000221000    0.0000098200   -0.0000129900
   0.0000059300   -0.0000697600    0.0000185000
  -0.0003346600   -0.0005273800   -0.0014187600
   0.0001796900    0.0001073600   -0.0002553400
  -0.0000076300    0.0000264000    0.0000003500
  -0.0000074800   -0.0000012200    0.0000072900
   0.0000048800    0.0000147400    0.0000068800
   0.0000082700   -0.0000210100   -0.0000005400
   0.0004513500   -0.0005395500   -0.0002032300
  -0.0000019900   -0.0000097300    0.0000175400
   0.0000913100    0.0000432100   -0.0002429500
   0.0003542700    0.0012251300   -0.0022040500
   0.0000252500    0.0000219600   -0.0000276900
  -0.0002049300    0.0001220000    0.0000201200
   0.0000066400   -0.0000024100   -0.0000137800
   0.0000234300   -0.0000003100    0.0000160000
  -0.0000083300   -0.0000098400   -0.0000290400
  -0.0000920300    0.0000616500   -0.0000373000
   0.0000253700    0.0000082000   -0.0000096800
   0.0012380500    0.0032591200   -0.0029130600
  -0.0787992900   -0.0003485400   -0.1080697500
  -0.0000053700    0.0000143100   -0.0001822300
   0.0000547800    0.0000192200   -0.0002334700
   0.0000079000   -0.0000455700   -0.0002346300
   0.0000073700   -0.0000217200   -0.0001823400
   0.0000030500    0.0000001000    0.0000102300
  -0.0000216400    0.0000100700   -0.0002093200
   0.0000031000   -0.0000000100    0.0000100000
   0.0000377000    0.0000254800   -0.0002083000
  -0.0018221400    0.0000007800    0.0161800400
   0.0000489800   -0.0000780000    0.0000132400
   0.0000398900    0.0001465900    0.0000026800
  -0.0000816400   -0.0001792100    0.0000341400
  -0.0000174000    0.0001531200   -0.0000182600
   0.0000035400    0.0000000800   -0.0000051800
  -0.0000774000    0.0000363600    0.0000391800
   0.0000035800    0.0000000300   -0.0000050900
  -0.0000210000   -0.0000793700   -0.0000237600

91   
 -0.0067768454085811   0.0000000000000000  -0.0073535274738178
   0.0027130900   -0.0006354500   -0.0016373000
   0.0000423700    0.0000034300   -0.0000877400
   0.0000706000   -0.0000199800   -0.0000831800
   0.0000170800    0.0000018900    0.0000099300
   0.0000072000    0.0000040200   -0.0000292400
   0.0000362600    0.0000158900   -0.0000850700
  -0.0009309100    0.0020997800   -0.0024978600
   0.0000140600   -0.0000055500   -0.0000096600
   0.0001662200   -0.0014744800   -0.0007701400
  -0.0065093000   -0.0020096400   -0.0122027300
  -0.0002517900   -0.0000318900   -0.0008402300
  -0.0000817500    0.0000605200   -0.0000019500
  -0.0000806700    0.0000306600   -0.0000075300
  -0.0000689000   -0.0000266200   -0.0000466000
   0.0000167000    0.0000026600    0.0000174500
  -0.0004371300    0.0005266600   -0.0007159900
   0.0000190900   -0.0000094600    0.0000181500
   0.0000105000    0.0000960600    0.0000807600
  -0.0001032000   -0.0003744000   -0.0005187900
   0.0002579200    0.0004976900   -0.0007637800
   0.0000214000    0.0000173200    0.0000010300
  -0.0000351100   -0.0000290000   -0.0000094500
   0.0000028600    0.0000104800    0.0000044500
   0.0000305700   -0.0000601300    0.0000012000
  -0.0099824000    0.0256892500   -0.0320187700
   0.0000515600   -0.0000618800   -0.0000813600
   0.0000099200   -0.0000478900    0.0001725000
  -0.0504849400   -0.0233896500   -0.0512855000
  -0.0000367500    0.0000420400   -0.0000061900
  -0.0005562800    0.0002833300   -0.0004439200
   0.0000053000    0.0001178300    0.0001364500
   0.0000300700   -0.0000432500   -0.0000011400
  -0.0000132000   -0.0000200200   -0.0000153900
   0.0001256900   -0.0000775700    0.0000099700
   0.0000011300   -0.0000010700   -0.0000091300
  -0.0003717900   -0.0009009800   -0.0005645900
   0.0006928000   -0.0034423300   -0.0019463900
  -0.0000018400   -0.0000024300   -0.0000065100
   0.0000443100   -0.0000214000    0.0002504200
  -0.0000001400    0.0000087500   -0.0000141400
  -0.0000035100    0.0000054800   -0.0000046600
   0.0000112800    0.0000022500   -0.0000071800
  -0.0001053500    0.0000522700    0.0001234900
   0.0000100000   -0.0000105300   -0.0000035600
   0.0022626400    0.0006201900   -0.0007452800
  -0.0014420400    0.0027812200    0.0024507200
   0.0000805500    0.0000501000   -0.0000177100
  -0.0000138600   -0.0000072000    0.0000199300
   0.0000054200    0.0000159600    0.0000078900
  -0.0000098500   -0.0000014300    0.0000203800
  -0.0000115700    0.0000140900    0.0000184700
  -0.0004442500    0.0015391600    0.0017128200
  -0.0000258600    0.0000049900    0.0000248200
   0.0001088700    0.0000713200   -0.0000894400
  -0.0021725800    0.0015902500   -0.0014873900
   0.0000059600   -0.0000062500   -0.0000060700
   0.0002135500    0.0002175200    0.0009382600
  -0.0000149400   -0.0000100700    0.0001859400
  -0.0000104500   -0.0000061700   -0.0000027600
   0.0000196000    0.0000121500   -0.0000040900
   0.0000020900   -0.0000147500   -0.0000210500
   0.0000047700    0.0000220300    0.0000000900
   0.0000061700    0.0001298300    0.0002512400
  -0.0037022500   -0.0001684100    0.0015764400
  -0.0000220900   -0.0000166700   -0.0000040700
  -0.0056619400    0.0003324900    0.0030521400
  -0.0000138500   -0.0000095900   -0.0000284700
  -0.0000336800   -0.0000099800    0.0000221300
  -0.0000033600    0.0000151800    0.0000249300
  -0.0000198400    0.0000122100    0.0000217600
  -0.0000220000   -0.0000091100    0.0000128700
  -0.0000057900    0.0000744300   -0.0000187400
   0.0003359500    0.0005092400    0.0014090700
  -0.0001821700   -0.0001080900    0.0002533600
   0.0000083200   -0.0000266300   -0.0000002400
   0.0000073400    0.0000008500   -0.0000074300
  -0.0000050200   -0.0000146800   -0.0000068800
  -0.0000085400    0.0000211600    0.0000004600
  -0.0004946700    0.0005456700    0.0001842500
   0.0000024300    0.0000091300   -0.0000174300
  -0.0000909300   -0.0000438000    0.0002484500
  -0.0003633800   -0.0012253100    0.0021680900
  -0.0000246500   -0.0000214900    0.0000271300
   0.0002110800   -0.0001249800   -0.0000181800
  -0.0000060600    0.0000019200    0.0000140500
  -0.0000232100    0.0000007200   -0.0000160100
   0.0000079100    0.0000098600    0.0000284400
   0.0000912600   -0.0000602300    0.0000315000
  -0.0000244200   -0.0000085800    0.0000095400
  -0.0012361700   -0.0032526700    0.0029057500
   0.0765581100   -0.0003300700    0.1055447600
   0.0000040500   -0.0000146200    0.0001801200
  -0.0000506500   -0.0000195400    0.0002347800
  -0.0000068900    0.0000448300    0.0002344900
  -0.0000090500    0.0000211700    0.0001794300
  -0.0000029600    0.0000000500   -0.0000098600
   0.0000210200   -0.0000088300    0.0002069300
  -0.0000029200   -0.0000000400   -0.0000100500
  -0.0000362100   -0.0000212900    0.0002063700
   0.0017862300    0.0000007200   -0.0159725600
  -0.0000482300    0.0000755700   -0.0000106400
  -0.0000382500   -0.0001478500   -0.0000036700
   0.0000822200    0.0001789400   -0.0000328300
   0.0000149500   -0.0001511900    0.0000184000
  -0.0000034100    0.0000000400    0.0000047200
   0.0000769400   -0.0000369500   -0.0000366500
  -0.0000033700   -0.0000000100    0.0000047800
   0.0000208300    0.0000808300    0.0000216900
