108  
9    

1    
  0.0070511502347270   0.0000000000000000   0.0070909294431202
  -0.1389781200    0.0001901700   -0.1671427600
   0.0008939900    0.0000318100    0.0003066300
   0.0008799600   -0.0000102800    0.0002977300
  -0.0000941200   -0.0005896600    0.0002141600
  -0.0000681100    0.0005419300    0.0003039900
   0.0000555900   -0.0000048600   -0.0000446000
  -0.0000929500   -0.0006593300    0.0002190500
   0.0000555100   -0.0000050800   -0.0000445600
  -0.0000689300    0.0005799600    0.0002994400
   0.0003245600    0.0004673000    0.0000546700
   0.0000865700    0.0000347000   -0.0000140600
   0.0021963300   -0.0065820700   -0.0032692800
   0.0019136900    0.0072985100   -0.0032636600
   0.0001042900   -0.0000020900   -0.0000093500
   0.0004637100    0.0005364100    0.0000467300
  -0.0000045900   -0.0000657500   -0.0000098800
   0.0000128000    0.0001305600   -0.0000547300
  -0.0000006800   -0.0000154600   -0.0000134100
   0.0026881700   -0.0069280900   -0.0032926800
   0.0002286100   -0.0000051800   -0.0000545300
   0.0026245300    0.0067998300   -0.0033318300
   0.0011891500   -0.0001189800    0.0000541100
   0.0000293200    0.0000855400   -0.0000098200
   0.0000177400   -0.0000740100   -0.0000136800
   0.0000285900   -0.0000410100   -0.0000096800
   0.0000182000    0.0000255400   -0.0000138300
   0.0011890100    0.0000440400    0.0000536300
   0.0018997800    0.0062366200   -0.0039354100
   0.0000435200   -0.0000272400    0.0000162400
   0.0002061700   -0.0006009100    0.0002185500
   0.0022107200   -0.0070318500   -0.0039626800
   0.0001512800   -0.0005215300    0.0001367800
   0.0000246600    0.0000333600    0.0000006800
   0.0000187800   -0.0000760000   -0.0000210300
   0.0000232000    0.0000184100    0.0000161500
  -0.0000064000   -0.0000154700    0.0000003800
   0.0001252300   -0.0002000600    0.0005325600
  -0.0000422600   -0.0000109200    0.0000065100
   0.0001354400    0.0007154700    0.0002412900
   0.0083209200   -0.0216985300    0.0287959700
  -0.0001875700   -0.0001178000    0.0000215800
  -0.0000298700    0.0001181500   -0.0000594200
   0.0000040400    0.0000274000    0.0000349200
  -0.0000076100   -0.0000163300   -0.0000258300
  -0.0000224100   -0.0000181000   -0.0000006300
   0.0005760000    0.0008473900    0.0002229200
   0.0000023000    0.0000074700    0.0000248100
   0.0069256700   -0.0010572700    0.0093273300
   0.0007518400   -0.0002089800    0.0003503900
  -0.0000657200   -0.0000247400   -0.0000090500
  -0.0001818200    0.0001543300    0.0000613800
  -0.0000171800    0.0000228500   -0.0000005000
   0.0000327000    0.0000160900    0.0000430900
   0.0000967700   -0.0000902000    0.0000132300
   0.0065318700    0.0011425700    0.0097082100
   0.0000002100   -0.0000115700    0.0000103200
   0.0006281500   -0.0007743300    0.0002197900
   0.0005977900    0.0002792800    0.0003238900
  -0.0001381800   -0.0001144100    0.0000237400
  -0.0000585500    0.0000214000   -0.0000121900
   0.0000198700   -0.0000083400    0.0000517100
  -0.0000137500   -0.0000146300   -0.0000038900
   0.0000773000    0.0000301800   -0.0000028500
  -0.0000704400    0.0000407100    0.0000558700
  -0.0000213100   -0.0000025200    0.0000099800
  -0.0025354500   -0.0008974500    0.0014097900
   0.0014971400    0.0022367200    0.0015783500
  -0.0000619100   -0.0000252000    0.0000101600
  -0.0004313600   -0.0013474000    0.0010170200
  -0.0000093800   -0.0000189100    0.0000356100
  -0.0000396200   -0.0000132800    0.0000037500
  -0.0000042900    0.0000334000    0.0000117900
  -0.0000339200    0.0000159500    0.0000188000
  -0.0000785300   -0.0000350600    0.0000218200
  -0.0023089200    0.0012016900    0.0015277000
  -0.0005147100    0.0010886900    0.0010102800
  -0.0000606500    0.0000198800    0.0000117400
   0.0014785600   -0.0021750400    0.0019185000
  -0.0000128700    0.0000236200    0.0000394300
   0.0000001400   -0.0000350400    0.0000183200
  -0.0000469700    0.0000085000    0.0000035600
   0.0456474500   -0.0208592400    0.0489569100
   0.0000006700    0.0000053400   -0.0000062900
   0.0000850400   -0.0006350000    0.0006123700
   0.0001963700    0.0003602800    0.0005078400
  -0.0000613200    0.0000625500   -0.0000766200
  -0.0000233900   -0.0000009600    0.0000142000
   0.0000134600   -0.0000080500   -0.0000255100
   0.0000079300   -0.0000253400    0.0000130900
  -0.0000195500   -0.0001278400   -0.0000290900
   0.0000720800    0.0004976400    0.0005840700
   0.0000023100   -0.0000111400   -0.0000126600
   0.0443719500    0.0205499200    0.0469416800
   0.0001890900   -0.0004623100    0.0004396900
  -0.0000325600   -0.0000055600    0.0000137300
  -0.0000700200   -0.0000297600   -0.0000814000
   0.0000068000    0.0000365500    0.0000101600
   0.0000175200    0.0000249300   -0.0000295400
  -0.0000098800    0.0001007600   -0.0000342600
   0.0000133500   -0.0005967400    0.0003031200
  -0.0000408300    0.0000132500    0.0000027900
  -0.0000227800    0.0001641600    0.0005781300
   0.0088100300    0.0221368100    0.0290096900
   0.0000045100   -0.0001404700   -0.0000738400
  -0.0002128500    0.0001140100    0.0000293000
   0.0000001500    0.0000211400   -0.0000096800
   0.0000073400   -0.0000244200    0.0000302900
  -0.0000241400    0.0000239800    0.0000026100

1    
 -0.0070511502347270   0.0000000000000000  -0.0070909294431202
   0.1389542000    0.0005819100    0.1671113400
  -0.0008804100   -0.0000285200   -0.0002978300
  -0.0008944200    0.0000127900   -0.0003067500
   0.0000959500    0.0005957100   -0.0002193700
   0.0000662600   -0.0005374300   -0.0003005400
  -0.0000555500    0.0000050500    0.0000445400
   0.0000971400    0.0006574600   -0.0002144300
  -0.0000555900    0.0000048500    0.0000445700
   0.0000654600   -0.0005827400   -0.0003050300
  -0.0003249400   -0.0004573400   -0.0000545000
  -0.0000868700   -0.0000350000    0.0000135800
  -0.0022634600    0.0064660800    0.0033303500
  -0.0018551900   -0.0072229000    0.0033853000
  -0.0001046400    0.0000040400    0.0000099100
  -0.0004590100   -0.0005458200   -0.0000625400
   0.0000049200    0.0000664800    0.0000094000
  -0.0000117500   -0.0001302000    0.0000542800
  -0.0000006300    0.0000150200    0.0000142200
  -0.0024088200    0.0068337300    0.0033557700
  -0.0002286200    0.0000058900    0.0000544800
  -0.0029196800   -0.0068815300    0.0032670300
  -0.0011891500    0.0001230900   -0.0000550600
  -0.0000279100   -0.0000849200    0.0000094500
  -0.0000189400    0.0000749400    0.0000139700
  -0.0000285900    0.0000407000    0.0000096000
  -0.0000184200   -0.0000258900    0.0000138200
  -0.0011895000   -0.0000292300   -0.0000555900
  -0.0018412900   -0.0063391900    0.0038679700
  -0.0000434300    0.0000270800   -0.0000154100
  -0.0002021800    0.0006124100   -0.0002204800
  -0.0022656200    0.0071021200    0.0038404800
  -0.0001545200    0.0005125900   -0.0001227700
  -0.0000239900   -0.0000320700   -0.0000014300
  -0.0000200900    0.0000762800    0.0000214700
  -0.0000241200   -0.0000183600   -0.0000155100
   0.0000079400    0.0000153100   -0.0000017400
  -0.0001387800    0.0002075900   -0.0005208800
   0.0000426000    0.0000111900   -0.0000065600
  -0.0001437200   -0.0007022400   -0.0002635100
  -0.0082927600    0.0223084200   -0.0293008400
   0.0001842000    0.0001191700   -0.0000231000
   0.0000268800   -0.0001197600    0.0000599600
  -0.0000031500   -0.0000271000   -0.0000362400
   0.0000081800    0.0000151900    0.0000270200
   0.0000223500    0.0000182200    0.0000007100
  -0.0005640600   -0.0008588700   -0.0002076200
  -0.0000018200   -0.0000066800   -0.0000259900
  -0.0068355500    0.0011181400   -0.0092896500
  -0.0007536100    0.0002136400   -0.0003663400
   0.0000653900    0.0000246200    0.0000090200
   0.0001826700   -0.0001571700   -0.0000589800
   0.0000170400   -0.0000226800    0.0000005100
  -0.0000324300   -0.0000154000   -0.0000426900
  -0.0000960900    0.0000895600   -0.0000121700
  -0.0066058400   -0.0010848300   -0.0097365000
  -0.0000006700    0.0000123200   -0.0000093100
  -0.0006412500    0.0007624400   -0.0002336800
  -0.0005968900   -0.0002742700   -0.0003057200
   0.0001375500    0.0001114600   -0.0000256100
   0.0000589500   -0.0000214700    0.0000122500
  -0.0000200800    0.0000088400   -0.0000518700
   0.0000140200    0.0000147700    0.0000039500
  -0.0000775800   -0.0000310100    0.0000021600
   0.0000706500   -0.0000403000   -0.0000547400
   0.0000189500    0.0000006900   -0.0000082100
   0.0025609100    0.0009057800   -0.0014031700
  -0.0014698100   -0.0022181900   -0.0015707800
   0.0000615100    0.0000248000   -0.0000101900
   0.0004727100    0.0013539700   -0.0010063700
   0.0000102800    0.0000212200   -0.0000331100
   0.0000391000    0.0000133600   -0.0000034200
   0.0000042400   -0.0000330800   -0.0000119100
   0.0000360400   -0.0000177600   -0.0000204700
   0.0000783900    0.0000355100   -0.0000229400
   0.0022882500   -0.0012014300   -0.0015287100
   0.0004763800   -0.0010811100   -0.0010224600
   0.0000611600   -0.0000202600   -0.0000116200
  -0.0015085300    0.0021964300   -0.0019266300
   0.0000122000   -0.0000214500   -0.0000417600
  -0.0000000100    0.0000352800   -0.0000182000
   0.0000474900   -0.0000083700   -0.0000037700
  -0.0439343200    0.0198696800   -0.0472045800
  -0.0000011300   -0.0000067100    0.0000068300
  -0.0000647700    0.0006452700   -0.0006069700
  -0.0001825600   -0.0003810600   -0.0005000700
   0.0000619500   -0.0000602600    0.0000754000
   0.0000230200    0.0000013700   -0.0000140000
  -0.0000137200    0.0000091200    0.0000250800
  -0.0000078700    0.0000252700   -0.0000133300
   0.0000212900    0.0001276900    0.0000286300
  -0.0000917100   -0.0004864900   -0.0005889300
  -0.0000016500    0.0000099200    0.0000123400
  -0.0460738200   -0.0215533400   -0.0486979600
  -0.0002027700    0.0004445600   -0.0004471400
   0.0000330100    0.0000059700   -0.0000138600
   0.0000688300    0.0000324000    0.0000830500
  -0.0000067500   -0.0000365700   -0.0000099000
  -0.0000170300   -0.0000240200    0.0000304600
   0.0000080500   -0.0001017700    0.0000351900
  -0.0000054100    0.0006110300   -0.0002810400
   0.0000406000   -0.0000129800   -0.0000027300
   0.0000357600   -0.0001557100   -0.0005900900
  -0.0088283500   -0.0215091600   -0.0284718400
  -0.0000019200    0.0001388200    0.0000734900
   0.0002161200   -0.0001127900   -0.0000273700
  -0.0000006700   -0.0000223200    0.0000084900
  -0.0000084500    0.0000242800   -0.0000290800
   0.0000242300   -0.0000238700   -0.0000025000

28   
  0.0070511502347270   0.0000000000000000   0.0070909294431202
   0.0018372600   -0.0068134800   -0.0039550400
   0.0002023500   -0.0006107800    0.0002261000
   0.0000438700    0.0000078900    0.0000154000
   0.0000185700   -0.0000759700   -0.0000212700
  -0.0000074100    0.0000514100    0.0000012200
   0.0000243000   -0.0000157000    0.0000152500
   0.0022754700    0.0060160700   -0.0039293500
   0.0000243600   -0.0000335500    0.0000011200
   0.0001543500   -0.0005123700    0.0001282700
   0.0028762200   -0.0068230800   -0.0038756000
   0.0001510100    0.0000001300   -0.0000215400
   0.0025786300    0.0067466100   -0.0039271700
   0.0010482500    0.0000025900    0.0001296000
   0.0000417300    0.0000283900    0.0000156000
   0.0000403400   -0.0000286200    0.0000159100
  -0.0000065900    0.0000147800    0.0000008800
  -0.0000066800   -0.0000150700    0.0000010700
   0.0012547700    0.0000061000    0.0002194400
   0.0019012800    0.0068945300   -0.0038481400
   0.0000429800   -0.0000061400    0.0000160900
   0.0002058800    0.0006022800    0.0002128500
  -0.0000070700   -0.0000505100    0.0000007300
   0.0000199600    0.0000761200   -0.0000217000
   0.0000228700    0.0000156300    0.0000162600
   0.0001511500    0.0005217100    0.0001309300
   0.0000241700    0.0000334300    0.0000008300
   0.0022028000   -0.0061339000   -0.0038739800
  -0.1424874100    0.0004519400   -0.1677906000
   0.0007244800    0.0001533700    0.0004424300
   0.0007102900   -0.0001517100    0.0004330200
  -0.0000126400   -0.0002673900    0.0004355200
  -0.0000153800    0.0002720500    0.0004400800
   0.0000196200   -0.0000001100   -0.0000480800
  -0.0000118500   -0.0005756900    0.0004402000
   0.0000196500   -0.0000002500   -0.0000480600
  -0.0000161800    0.0005738300    0.0004353600
   0.0069303700    0.0007607200    0.0079461500
   0.0000411100   -0.0000221100    0.0000046100
   0.0007268500   -0.0007626500    0.0001844900
   0.0006260200    0.0000265500    0.0003559900
  -0.0001586300   -0.0001146200    0.0000187600
  -0.0000406700    0.0000157100   -0.0000142500
   0.0000321800   -0.0000294000    0.0000299700
  -0.0000146000   -0.0000075400   -0.0000022500
   0.0000825200    0.0001235800    0.0000086000
   0.0016179000    0.0023975700    0.0017679800
  -0.0000451500   -0.0000272000    0.0000049100
  -0.0006784400   -0.0010567900    0.0009133100
  -0.0000104900   -0.0000259000    0.0000261100
  -0.0000434700   -0.0000010400   -0.0000033900
   0.0000033700    0.0000279300    0.0000133400
  -0.0000583400    0.0000274700    0.0000502100
  -0.0000129300   -0.0000015400    0.0000012800
  -0.0025218100   -0.0013261800    0.0013376100
   0.0082632000   -0.0228804600    0.0288516400
  -0.0001753900   -0.0000889500   -0.0000225900
   0.0001153600    0.0000899500   -0.0000427400
   0.0000044700   -0.0000081400    0.0000183600
  -0.0000203300   -0.0000004200   -0.0000324000
  -0.0000134300   -0.0000189700   -0.0000029900
  -0.0000793300   -0.0001079200    0.0005907000
  -0.0000275300   -0.0000163500    0.0000031400
   0.0001582100    0.0008642300    0.0002621100
   0.0007409000    0.0007518100    0.0001982800
   0.0000413100    0.0000224500    0.0000039600
   0.0070500700   -0.0006782100    0.0079575800
   0.0006244300   -0.0000226800    0.0003403400
  -0.0000410500   -0.0000159800   -0.0000142800
  -0.0001580800    0.0001118600    0.0000199800
  -0.0000147000    0.0000075000   -0.0000023300
   0.0000321600    0.0000297200    0.0000303500
   0.0000827000   -0.0001243400    0.0000092800
  -0.0000417400    0.0005925700    0.0006630500
   0.0000603100    0.0000043700   -0.0000184000
   0.0462762500    0.0219390100    0.0493491600
   0.0000878200   -0.0006120600    0.0005060100
  -0.0000078600    0.0000031800    0.0000081900
  -0.0000142500   -0.0001385000   -0.0000832700
   0.0000136000    0.0000237000    0.0000087300
   0.0000268400    0.0000550200   -0.0000438300
  -0.0000647300    0.0001272900   -0.0000732800
   0.0082066000    0.0235238800    0.0293762100
   0.0001187200   -0.0000913200   -0.0000428000
  -0.0001730500    0.0000900700   -0.0000212100
  -0.0000206400   -0.0000009200   -0.0000333100
   0.0000036100    0.0000080600    0.0000193200
  -0.0000134200    0.0000189100   -0.0000030200
   0.0001675400   -0.0008546200    0.0002823600
  -0.0000277900    0.0000162400    0.0000031600
  -0.0000659600    0.0001137100    0.0005808200
  -0.0007155600    0.0010621600    0.0009017600
  -0.0000447600    0.0000264200    0.0000050000
   0.0015886800   -0.0023775300    0.0017601200
  -0.0000113100    0.0000276500    0.0000241300
   0.0000032200   -0.0000277800    0.0000135300
  -0.0000428100    0.0000010400   -0.0000036800
  -0.0000107600   -0.0000004600   -0.0000003800
  -0.0000580800   -0.0000271400    0.0000493800
  -0.0025423000    0.0013303900    0.0013342200
   0.0481033300   -0.0230458800    0.0512336800
   0.0000602400   -0.0000055500   -0.0000182400
  -0.0000227100   -0.0005811800    0.0006700000
   0.0001012900    0.0005939800    0.0005136700
  -0.0000131700    0.0001406000   -0.0000848600
  -0.0000082300   -0.0000030100    0.0000083100
   0.0000265700   -0.0000544500   -0.0000445500
   0.0000135300   -0.0000239100    0.0000084500
  -0.0000632600   -0.0001281900   -0.0000739500

37   
  0.0100000000000000   0.0000000000000000   0.0000000000000000
   0.0000946100    0.0007202400    0.0000873300
   0.0000825000   -0.0007570700    0.0001197800
  -0.0000590800    0.0000031600   -0.0000014500
   0.0000030900   -0.0000004100    0.0000021600
  -0.0000328600    0.0000002100    0.0000011100
  -0.0000003700   -0.0000041900   -0.0000109000
   0.0121463000    0.0004345100   -0.0003906600
  -0.0001734300    0.0000535500    0.0001319700
  -0.0001292300   -0.0000437700   -0.0001324200
   0.0365849000    0.0139769400    0.0270412800
  -0.0000059700    0.0000306400   -0.0000023500
   0.0004086700   -0.0003770400   -0.0001986400
   0.0000554500   -0.0000756000   -0.0000797500
   0.0000293800   -0.0000122000   -0.0000110300
  -0.0000085800    0.0000304400    0.0000141400
  -0.0001496600    0.0001788300    0.0000626700
  -0.0000617100   -0.0000123400    0.0000262600
   0.0006169700    0.0009260400   -0.0002713400
  -0.0034395200    0.0001148800   -0.0001832700
  -0.0000752800   -0.0000363300   -0.0000259900
  -0.0000701000    0.0000256200    0.0000404500
  -0.0000276500    0.0000377400   -0.0000279200
  -0.0000364900   -0.0000294500    0.0000299300
  -0.0000162000   -0.0000073400    0.0000019500
   0.0007196900   -0.0023654600    0.0013980800
  -0.0000869900    0.0000005100   -0.0000007900
   0.0007198400    0.0021830200   -0.0013696100
   0.0380121300   -0.0151922300   -0.0278276100
   0.0005153000    0.0004450500    0.0005445000
   0.0000707700   -0.0000411600   -0.0000131700
   0.0000411300   -0.0000366700    0.0000034800
   0.0000121500    0.0000970100    0.0001031900
  -0.0000007800   -0.0000223300   -0.0000201700
   0.0005159300   -0.0009505700    0.0003794200
  -0.0000343700    0.0000088900   -0.0000232000
  -0.0001215200   -0.0000802900   -0.0001015600
  -0.1018888000    0.0010826900    0.0015964500
   0.0000333800   -0.0000376100   -0.0000115800
   0.0000343100    0.0000204500   -0.0000381700
   0.0000215300   -0.0000429400   -0.0000945100
   0.0000180900    0.0000140300    0.0000694400
   0.0000142600    0.0000000800    0.0000012700
   0.0000211000    0.0000146900   -0.0000600400
   0.0000141900   -0.0000002200   -0.0000019400
   0.0000181500   -0.0000319400    0.0000474600
  -0.0008818200    0.0020215400    0.0017488800
   0.0000167600   -0.0000134100    0.0000072800
   0.0001337800   -0.0000926100   -0.0000120900
   0.0000015900   -0.0000227900    0.0000012900
  -0.0000034800    0.0000122100   -0.0000004200
  -0.0000004200    0.0000175700    0.0000035000
   0.0001135300   -0.0000814900    0.0000487100
   0.0000167600    0.0000221600   -0.0000103400
  -0.0009456000    0.0001824600    0.0003274200
   0.0015170300   -0.0037816500   -0.0004539700
  -0.0001343000   -0.0000645700   -0.0000096700
   0.0000472100   -0.0000190100    0.0000008600
   0.0000201400   -0.0000278000   -0.0000134900
   0.0000055700    0.0000049600    0.0000019400
   0.0000028500    0.0000073700    0.0000020800
   0.0009908700   -0.0036926000    0.0006300700
   0.0000524200   -0.0000216100   -0.0000022800
  -0.0001509300   -0.0000529300    0.0000911000
   0.0010758000   -0.0008333700    0.0013709200
   0.0000096300   -0.0000004100    0.0000000300
   0.0011770200    0.0011334500   -0.0016170400
  -0.0000212900   -0.0000101200    0.0000390700
   0.0000070100    0.0000225800    0.0000025400
   0.0000099200   -0.0000182800   -0.0000039900
   0.0000069000    0.0000062800    0.0000111900
   0.0000100500   -0.0000153300   -0.0000147900
  -0.0000211500   -0.0000164100    0.0000146200
   0.0069736500    0.0002850700    0.0009825800
   0.0000625700    0.0000029600    0.0000027700
   0.0081358000   -0.0000843900   -0.0010183800
  -0.0000380400    0.0000104100   -0.0000008200
   0.0000380900    0.0000298400    0.0000037300
   0.0000402200   -0.0000247600   -0.0000028900
   0.0000380100   -0.0000276000   -0.0000084300
   0.0000403400    0.0000231200    0.0000114600
  -0.0000378500   -0.0000105200   -0.0000080700
  -0.0010446800   -0.0023897900   -0.0020594000
   0.0001235100    0.0000925300   -0.0000175200
   0.0000089900    0.0000146800   -0.0000080500
  -0.0000022400   -0.0000064200    0.0000034000
   0.0000061500    0.0000161500   -0.0000105500
   0.0000001100   -0.0000097500   -0.0000065800
  -0.0008680500   -0.0002793100   -0.0002771900
   0.0000139000   -0.0000184400    0.0000063000
   0.0001165000    0.0000961800   -0.0000392600
   0.0009360200    0.0032395600    0.0003806100
   0.0000584100    0.0000191700    0.0000009600
  -0.0001645700    0.0000620600   -0.0000125900
   0.0000060600   -0.0000118200   -0.0000037600
   0.0000218900    0.0000293200    0.0000149200
   0.0000018200   -0.0000082100   -0.0000018800
  -0.0001295300    0.0000322200   -0.0001230700
   0.0000566000    0.0000199300    0.0000032000
   0.0009822600    0.0038224200   -0.0005037900
  -0.0026448300    0.0001196500   -0.0002696200
   0.0000384000   -0.0001338800   -0.0000006300
   0.0000392700    0.0001615300   -0.0000093600
  -0.0000825400   -0.0002032800    0.0000217100
  -0.0000631400    0.0002240100   -0.0000244000
   0.0000207700   -0.0000013300   -0.0000002500
  -0.0000840600    0.0000919800    0.0000207500
   0.0000207300   -0.0000015500    0.0000018100
  -0.0000616900   -0.0000900200   -0.0000154400

37   
 -0.0100000000000000   0.0000000000000000   0.0000000000000000
  -0.0001057300   -0.0007269100   -0.0000858100
  -0.0000738200    0.0007498600   -0.0001180500
   0.0000590400   -0.0000034600    0.0000009800
  -0.0000024600   -0.0000007000   -0.0000019600
   0.0000328700    0.0000002500   -0.0000014100
  -0.0000002100    0.0000031400    0.0000110000
  -0.0121467700   -0.0002959500    0.0003318200
   0.0001712800   -0.0000544700   -0.0001304400
   0.0001300900    0.0000429500    0.0001342200
  -0.0358335900   -0.0135547300   -0.0261316300
   0.0000072900   -0.0000284000    0.0000022300
  -0.0004460900    0.0003904600    0.0002036200
  -0.0000533200    0.0000778100    0.0000793600
  -0.0000276300    0.0000117100    0.0000103000
   0.0000086000   -0.0000309900   -0.0000144900
   0.0001488900   -0.0001776000   -0.0000617600
   0.0000614600    0.0000124600   -0.0000264600
  -0.0006271100   -0.0009340000    0.0002800500
   0.0034347200   -0.0000790900    0.0001687200
   0.0000746400    0.0000353500    0.0000242500
   0.0000699800   -0.0000263500   -0.0000418800
   0.0000280000   -0.0000374200    0.0000274900
   0.0000365000    0.0000299600   -0.0000304400
   0.0000159900    0.0000061400   -0.0000018500
  -0.0006814600    0.0023326700   -0.0013926500
   0.0000870600    0.0000001700    0.0000003600
  -0.0007565200   -0.0022126100    0.0013745800
  -0.0388157200    0.0156789100    0.0288565800
  -0.0004802700   -0.0004301700   -0.0005360500
  -0.0000728100    0.0000434900    0.0000136700
  -0.0000425300    0.0000366200   -0.0000039400
  -0.0000143300   -0.0000964900   -0.0001035300
   0.0000006900    0.0000221100    0.0000198300
  -0.0005053400    0.0009408600   -0.0003690600
   0.0000345000   -0.0000092100    0.0000231100
   0.0001226000    0.0000812700    0.0001024900
   0.1019696100   -0.0022610900   -0.0035274500
  -0.0000338900    0.0000365300    0.0000135800
  -0.0000329600   -0.0000213200    0.0000404600
  -0.0000214300    0.0000451800    0.0000955600
  -0.0000177100   -0.0000114500   -0.0000685300
  -0.0000141600    0.0000002000   -0.0000012900
  -0.0000218500   -0.0000131100    0.0000593400
  -0.0000142200   -0.0000000900    0.0000016600
  -0.0000176700    0.0000332700   -0.0000483300
   0.0008601400   -0.0019738100   -0.0017282400
  -0.0000169300    0.0000129200   -0.0000071400
  -0.0001305700    0.0000927700    0.0000152500
  -0.0000014400    0.0000222400   -0.0000014500
   0.0000033800   -0.0000121500    0.0000005900
   0.0000003000   -0.0000167600   -0.0000033000
  -0.0001122800    0.0000797400   -0.0000440400
  -0.0000162800   -0.0000225600    0.0000102600
   0.0009560200   -0.0001802500   -0.0003380700
  -0.0015116700    0.0038163400    0.0004512400
   0.0001307200    0.0000636900    0.0000104700
  -0.0000474500    0.0000193400   -0.0000006600
  -0.0000199400    0.0000279600    0.0000134500
  -0.0000055700   -0.0000048700   -0.0000020400
  -0.0000029100   -0.0000071300   -0.0000022900
  -0.0010027200    0.0036749800   -0.0006389400
  -0.0000520900    0.0000209700    0.0000019800
   0.0001514200    0.0000538100   -0.0000925300
  -0.0010784700    0.0008462200   -0.0013653000
  -0.0000095000    0.0000005400    0.0000001400
  -0.0011742700   -0.0011220000    0.0016241400
   0.0000211500    0.0000060400   -0.0000345000
  -0.0000070000   -0.0000220500   -0.0000025700
  -0.0000099400    0.0000187500    0.0000038600
  -0.0000071200   -0.0000058900   -0.0000112400
  -0.0000098300    0.0000158000    0.0000148000
   0.0000213100    0.0000175000   -0.0000134400
  -0.0067912700   -0.0002873000   -0.0009655000
  -0.0000624300   -0.0000036300   -0.0000030000
  -0.0083380700    0.0000796100    0.0010306900
   0.0000379400   -0.0000087200    0.0000016500
  -0.0000378500   -0.0000291700   -0.0000035800
  -0.0000404300    0.0000252400    0.0000030300
  -0.0000379700    0.0000274300    0.0000088000
  -0.0000403600   -0.0000233000   -0.0000111500
   0.0000381500    0.0000134200    0.0000063900
   0.0010664800    0.0024422400    0.0020828900
  -0.0001268700   -0.0000927000    0.0000214300
  -0.0000086600   -0.0000151600    0.0000080300
   0.0000024000    0.0000063200   -0.0000032600
  -0.0000063400   -0.0000166400    0.0000104300
   0.0000000400    0.0000104800    0.0000068200
   0.0008563000    0.0002802800    0.0002654500
  -0.0000142600    0.0000180800   -0.0000063900
  -0.0001184300   -0.0000978800    0.0000435400
  -0.0009425300   -0.0032054300   -0.0003778700
  -0.0000577400   -0.0000188900   -0.0000007700
   0.0001694300   -0.0000628000    0.0000135700
  -0.0000060500    0.0000117500    0.0000037100
  -0.0000220000   -0.0000290200   -0.0000148800
  -0.0000017200    0.0000083900    0.0000016500
   0.0001287900   -0.0000313800    0.0001212800
  -0.0000569300   -0.0000205200   -0.0000035600
  -0.0009675000   -0.0038415700    0.0004946200
   0.0026430200   -0.0001184700    0.0002202700
  -0.0000393200    0.0001323100    0.0000010700
  -0.0000384500   -0.0001634500    0.0000097800
   0.0000840900    0.0002040200   -0.0000211300
   0.0000616200   -0.0002226700    0.0000246000
  -0.0000206800    0.0000015900    0.0000003700
   0.0000825800   -0.0000919100   -0.0000212000
  -0.0000207200    0.0000013800   -0.0000016800
   0.0000630400    0.0000901700    0.0000151900

37   
  0.0000000000000000   0.0000000000000000   0.0100000000000000
   0.0001591700   -0.0002338400    0.0005820800
  -0.0002294500   -0.0001624700    0.0005954300
   0.0000026300   -0.0000161100    0.0000064500
   0.0000314100    0.0000452400    0.0000195300
  -0.0000023200   -0.0000202400    0.0000011400
  -0.0000397600    0.0000366700    0.0000031500
   0.0002130800   -0.0320567200    0.0411619300
  -0.0000627200    0.0000592400   -0.0000221200
   0.0000685200    0.0000448500   -0.0000362000
   0.0278685500    0.0158437900    0.0411619200
  -0.0000234300   -0.0000498100    0.0000195200
   0.0002819800   -0.0000209200    0.0005820800
  -0.0000045800   -0.0000816800   -0.0000361900
  -0.0000515600    0.0000160500    0.0000031600
   0.0000152700    0.0000057100    0.0000064700
  -0.0000826500    0.0000247100   -0.0000221200
   0.0000162800    0.0000121500    0.0000011400
   0.0000259700    0.0002799300    0.0005954400
  -0.0000842600    0.0006746400    0.0020703900
   0.0000254900    0.0000198800    0.0000543500
  -0.0000096600    0.0000054700    0.0000236000
  -0.0000103800   -0.0000047600    0.0000157000
   0.0000058500   -0.0000033000    0.0000112200
  -0.0000045200   -0.0000320000    0.0000543700
   0.0003784400   -0.0002185000    0.0018278100
  -0.0000011000    0.0000113700    0.0000157100
  -0.0006263300   -0.0002642800    0.0020704100
  -0.0305368000    0.0176304900    0.0414960100
  -0.0003205100   -0.0000639500    0.0006083000
   0.0000165700   -0.0000514400   -0.0000091300
   0.0000528400    0.0000113500   -0.0000091400
   0.0000599900   -0.0000516900   -0.0000461800
  -0.0000080600    0.0000046200    0.0000045200
  -0.0001048600    0.0003096000    0.0006083100
  -0.0000158500    0.0000090600   -0.0000043100
   0.0000748400   -0.0000261100   -0.0000462000
   0.0026162800   -0.0015103900   -0.1298181500
  -0.0000415800    0.0000870300   -0.0002129800
  -0.0000106400    0.0000614600   -0.0002134100
  -0.0000585400   -0.0000215300   -0.0002134300
   0.0000466300   -0.0000538000   -0.0002026100
  -0.0000017800    0.0000010400    0.0000090800
  -0.0000961800   -0.0000075000   -0.0002129700
   0.0000012800   -0.0000007500    0.0000090000
   0.0000699000   -0.0000134900   -0.0002026000
  -0.0003033900    0.0017957300    0.0004144900
   0.0000075100    0.0000128500    0.0000051700
  -0.0000322800    0.0000186300   -0.0002520700
  -0.0000028300    0.0000051100    0.0000085100
   0.0000055800   -0.0000032100    0.0000083200
  -0.0000073800   -0.0000129400    0.0000051700
   0.0000175700   -0.0000101500   -0.0002494800
  -0.0000058500   -0.0000001100    0.0000085300
  -0.0017068300   -0.0006351200    0.0004144800
   0.0005765700   -0.0008709300   -0.0027915000
   0.0000913100    0.0000506200    0.0000316800
  -0.0000090400    0.0000077700   -0.0000228100
  -0.0000164400   -0.0000062300    0.0000036600
   0.0000035000   -0.0000015400   -0.0000222900
   0.0000067200   -0.0000060500   -0.0000301200
  -0.0003465500    0.0009374900   -0.0031446300
  -0.0000017600    0.0000033200   -0.0000296100
  -0.0000024900   -0.0000098900    0.0000299300
   0.0013635600   -0.0010967600    0.0002637300
  -0.0000000300    0.0000038600    0.0000107500
  -0.0016157400   -0.0014480300    0.0005785000
   0.0000140900   -0.0000271700   -0.0002475700
   0.0000114200    0.0000009000    0.0000054600
  -0.0000150200   -0.0000035500    0.0000107000
   0.0000026300   -0.0000091600    0.0000056300
  -0.0000039600   -0.0000069800    0.0000108900
   0.0000368600   -0.0000695600   -0.0002498600
  -0.0009851600   -0.0001686500   -0.0031446300
  -0.0000028200    0.0000173700    0.0000036700
   0.0010425600   -0.0000638900   -0.0027915200
   0.0000073300    0.0000070900    0.0000299500
   0.0000086000   -0.0000027900   -0.0000301000
  -0.0000113100    0.0000039600   -0.0000228200
  -0.0000037800   -0.0000001300   -0.0000296000
   0.0000031200   -0.0000022900   -0.0000223100
   0.0000017900   -0.0001043900    0.0000317000
   0.0004461400    0.0021233000    0.0005784800
   0.0000786900    0.0000028500   -0.0002498300
  -0.0000044100    0.0000147300    0.0000106800
  -0.0000033300   -0.0000019000    0.0000107600
   0.0000040200    0.0000069200    0.0000108700
   0.0000049300   -0.0000103300    0.0000054800
   0.0016316100   -0.0006325000    0.0002637400
   0.0000092600    0.0000022900    0.0000056500
   0.0000305600    0.0000013900   -0.0002475500
  -0.0005353300   -0.0008581800   -0.0030800500
  -0.0000035800    0.0000120500   -0.0000311000
  -0.0001400300    0.0000808300    0.0000321100
   0.0000008400   -0.0000047200   -0.0000314200
   0.0000164000   -0.0000094600    0.0000031500
  -0.0000122400   -0.0000029300   -0.0000311100
   0.0000109100   -0.0000063000    0.0000413100
   0.0000044900    0.0000016300   -0.0000314400
   0.0004755400    0.0008926900   -0.0030800500
   0.0002477600   -0.0001430600    0.0147160300
   0.0000096800    0.0000300000    0.0000048000
   0.0000005500    0.0000245700    0.0000049900
  -0.0000209700   -0.0000127600    0.0000050100
   0.0000151800   -0.0000193700   -0.0000104600
  -0.0000017300    0.0000010000   -0.0000024400
  -0.0000211200   -0.0000233700    0.0000047900
   0.0000002900   -0.0000001700   -0.0000024500
   0.0000243700   -0.0000034700   -0.0000104800

37   
  0.0000000000000000   0.0000000000000000  -0.0100000000000000
  -0.0001733100    0.0002677400   -0.0005719000
   0.0002407900    0.0001929200   -0.0005834200
  -0.0000027200    0.0000152700   -0.0000060300
  -0.0000316200   -0.0000443100   -0.0000168600
   0.0000022500    0.0000203000   -0.0000008700
   0.0000395300   -0.0000359400   -0.0000004400
  -0.0002232300    0.0310036400   -0.0403419300
   0.0000621200   -0.0000559300    0.0000224500
  -0.0000676300   -0.0000413500    0.0000365400
  -0.0269614900   -0.0153085300   -0.0403419300
   0.0000226200    0.0000495200   -0.0000168700
  -0.0003186200    0.0000162300   -0.0005719000
   0.0000020000    0.0000793300    0.0000365500
   0.0000509600   -0.0000163000   -0.0000004300
  -0.0000145900   -0.0000053200   -0.0000060100
   0.0000795300   -0.0000258100    0.0000224500
  -0.0000165500   -0.0000120700   -0.0000008700
  -0.0000466700   -0.0003050200   -0.0005834200
   0.0000884200   -0.0007176900   -0.0020670300
  -0.0000250100   -0.0000194800   -0.0000503800
   0.0000091100   -0.0000053500   -0.0000198400
   0.0000102300    0.0000046600   -0.0000148800
  -0.0000055500    0.0000032900   -0.0000104400
   0.0000043000    0.0000314000   -0.0000503700
  -0.0004129600    0.0002384200   -0.0018247100
   0.0000010400   -0.0000111900   -0.0000148800
   0.0006658000    0.0002823700   -0.0020670200
   0.0295025100   -0.0170332500   -0.0406269900
   0.0003528800    0.0000603700   -0.0006013900
  -0.0000155200    0.0000514300    0.0000114600
  -0.0000523000   -0.0000123100    0.0000114700
  -0.0000571000    0.0000499500    0.0000452300
   0.0000074900   -0.0000043200   -0.0000040500
   0.0001241200   -0.0003357500   -0.0006013900
   0.0000160800   -0.0000093700    0.0000046000
  -0.0000717500    0.0000244300    0.0000452100
  -0.0025086700    0.0014482600    0.1271361700
   0.0000371300   -0.0000869400    0.0002094000
   0.0000145700   -0.0000617700    0.0002089500
   0.0000608200    0.0000182800    0.0002089600
  -0.0000491400    0.0000502200    0.0001982800
   0.0000018300   -0.0000010500   -0.0000094300
   0.0000938900    0.0000113400    0.0002094100
  -0.0000012600    0.0000007300   -0.0000095100
  -0.0000680600    0.0000174400    0.0001983100
   0.0003129900   -0.0018104700   -0.0004143800
  -0.0000070900   -0.0000125500   -0.0000054500
   0.0000328000   -0.0000189400    0.0002494800
   0.0000029400   -0.0000050200   -0.0000085200
  -0.0000055100    0.0000032000   -0.0000084900
   0.0000073000    0.0000124100   -0.0000054500
  -0.0000116200    0.0000066900    0.0002520500
   0.0000057900   -0.0000000400   -0.0000085000
   0.0017244000    0.0006341800   -0.0004143900
  -0.0005671200    0.0008343200    0.0027668900
  -0.0000947100   -0.0000539100   -0.0000327200
   0.0000094400   -0.0000076200    0.0000218700
   0.0000162200    0.0000060300   -0.0000044300
  -0.0000038100    0.0000010700    0.0000223900
  -0.0000063700    0.0000062600    0.0000290300
   0.0003320200   -0.0009194500    0.0031102000
   0.0000012700   -0.0000033600    0.0000295100
   0.0000031200    0.0000100500   -0.0000344200
  -0.0013724700    0.0011095900   -0.0002628900
   0.0000000500   -0.0000039100   -0.0000108800
   0.0016251900    0.0014635600   -0.0005770800
  -0.0000139800    0.0000340400    0.0002497600
  -0.0000110000   -0.0000007300   -0.0000058500
   0.0000145600    0.0000036900   -0.0000110200
  -0.0000024800    0.0000092200   -0.0000057100
   0.0000038700    0.0000070100   -0.0000108200
  -0.0000367200    0.0000684900    0.0002474400
   0.0009622600    0.0001722200    0.0031102100
   0.0000028700   -0.0000170100   -0.0000044400
  -0.0010060800    0.0000739800    0.0027668800
  -0.0000071300   -0.0000077300   -0.0000344000
  -0.0000085900    0.0000024100    0.0000290300
   0.0000112900   -0.0000043500    0.0000218800
   0.0000035100    0.0000005900    0.0000295200
  -0.0000027900    0.0000027400    0.0000223700
  -0.0000007000    0.0001089600   -0.0000326900
  -0.0004549200   -0.0021392200   -0.0005770900
  -0.0000776700   -0.0000024700    0.0002474800
   0.0000041000   -0.0000144900   -0.0000110300
   0.0000034400    0.0000019000   -0.0000108900
  -0.0000041800   -0.0000068400   -0.0000108400
  -0.0000048600    0.0000099100   -0.0000058400
  -0.0016471400    0.0006338000   -0.0002628700
  -0.0000092100   -0.0000024800   -0.0000057000
  -0.0000364700   -0.0000049000    0.0002497800
   0.0005274900    0.0008336100    0.0030461100
   0.0000032100   -0.0000117500    0.0000299800
   0.0001440300   -0.0000831600   -0.0000334800
  -0.0000005100    0.0000042800    0.0000312900
  -0.0000160500    0.0000093000   -0.0000040600
   0.0000117600    0.0000031100    0.0000299700
  -0.0000121500    0.0000070100   -0.0000460000
  -0.0000040000   -0.0000017000    0.0000312700
  -0.0004582000   -0.0008736300    0.0030461200
  -0.0002422400    0.0001398500   -0.0144146900
  -0.0000094300   -0.0000304600   -0.0000035000
  -0.0000011400   -0.0000248200   -0.0000033100
   0.0000209400    0.0000134000   -0.0000033100
  -0.0000154100    0.0000195100    0.0000116400
   0.0000017900   -0.0000010300    0.0000023000
   0.0000216800    0.0000234100   -0.0000035100
  -0.0000003000    0.0000001800    0.0000023200
  -0.0000246000    0.0000035800    0.0000116100

46   
  0.0070511502347270   0.0000000000000000   0.0070909294431202
   0.0001211300   -0.0001886700    0.0006422100
   0.0066183900   -0.0012294600    0.0095624400
   0.0000220900    0.0000651400    0.0000053400
  -0.0000106400    0.0000261400   -0.0000075500
   0.0000675200    0.0000327100    0.0000412900
   0.0000614500   -0.0000135500    0.0000130200
   0.0004199500    0.0003850500    0.0006750600
  -0.0000531500    0.0000894700   -0.0000679000
  -0.0000594100   -0.0000214300   -0.0000142700
   0.0087436100    0.0221188700    0.0283635700
  -0.0000509800    0.0000211300   -0.0001204200
  -0.0001454800   -0.0001294100    0.0000971900
  -0.0000418400    0.0006817200    0.0003636100
   0.0002564000   -0.0004047400    0.0004314500
  -0.0000561100    0.0000058800    0.0000045100
  -0.0000203600   -0.0000369300   -0.0000021200
  -0.0000222400    0.0000135300    0.0000021400
   0.0000145700   -0.0000273500    0.0000128100
   0.0445020700   -0.0206485300    0.0466813500
   0.0005286600    0.0003086600    0.0001500000
  -0.0000165500   -0.0000017200    0.0000053800
  -0.0000120000    0.0000147600   -0.0000018800
   0.0000201300    0.0001044800   -0.0000634500
  -0.0000003200   -0.0000323500    0.0000165100
   0.0005220900   -0.0007833800    0.0001151700
  -0.0000362300    0.0000081700    0.0000184800
  -0.0001936000   -0.0001170300    0.0000449800
   0.0008942600    0.0019679200    0.0024643100
   0.0000320700   -0.0014772300    0.0002025200
  -0.0000440900   -0.0000095700    0.0000048600
  -0.0000097100   -0.0000009200    0.0000011400
  -0.0025205200   -0.0004983000    0.0013393400
  -0.0000587900   -0.0000275100    0.0000474000
  -0.0000112200    0.0000280200    0.0000237800
  -0.0000108700    0.0000191400    0.0000279700
  -0.0000277500   -0.0000093600   -0.0000182300
   0.0006369700    0.0006001000    0.0000830200
   0.0000836500   -0.0000600200   -0.0002030900
   0.0000165500    0.0000189600    0.0000088800
   0.0001134200   -0.0000763900   -0.0001673400
  -0.0004336300    0.0000815500   -0.0009096500
   0.0000038300   -0.0000151800    0.0000019300
   0.0000020200    0.0000188600    0.0000040400
   0.0000021300   -0.0000207300   -0.0000013600
  -0.0000028200    0.0000085100    0.0000099000
  -0.0692008200   -0.0002751800   -0.0877296600
   0.0000306300   -0.0000992100   -0.0001578700
  -0.0000012200   -0.0000419500   -0.0001233500
   0.0000627600    0.0000182000   -0.0000709200
  -0.0000426300    0.0000812800   -0.0002096100
   0.0000144900    0.0000001100    0.0000046600
   0.0000786200    0.0000475000   -0.0000876000
   0.0000142800   -0.0000000900    0.0000048100
  -0.0000588000   -0.0000044100   -0.0001918100
   0.0016822800    0.0015099400    0.0012775800
  -0.0003175500    0.0001996600   -0.0006921500
   0.0000119600   -0.0000004000    0.0000060100
   0.0000142800   -0.0000219200    0.0000082200
  -0.0000201300   -0.0000103000   -0.0001797300
  -0.0000020400    0.0000150400    0.0000039600
  -0.0000195000    0.0000378100   -0.0001775500
   0.0000052000    0.0000118300   -0.0000065200
   0.0000105700   -0.0000029400    0.0000140100
   0.0009295200   -0.0032438800   -0.0025401200
   0.0000410200   -0.0000188600   -0.0000238000
  -0.0001260300   -0.0000487600   -0.0000739400
   0.0003395800   -0.0017652200   -0.0018270300
  -0.0001803700   -0.0000734700    0.0000388300
   0.0000419400   -0.0000165000   -0.0000190500
   0.0000259300   -0.0000140800    0.0000140900
  -0.0000001300    0.0000106400   -0.0000300900
   0.0000017000    0.0000106600   -0.0000214900
  -0.0018418800    0.0002791700    0.0005105700
   0.0000061800   -0.0000188000   -0.0000013300
   0.0000988300    0.0000685000   -0.0001562200
  -0.0008991500   -0.0026386700    0.0014878800
   0.0000466500    0.0000385100   -0.0001889400
   0.0000183500    0.0000044300    0.0000102200
  -0.0000019900   -0.0000080400    0.0000021000
  -0.0000027700    0.0000115900    0.0000089400
   0.0000001600   -0.0000008000    0.0000080900
   0.0043156000   -0.0001676700   -0.0014511000
   0.0056395800    0.0002675800   -0.0028826900
   0.0000504400   -0.0000123600    0.0000028200
   0.0000320900   -0.0000211500   -0.0000194500
  -0.0000411800    0.0000107500    0.0000240900
   0.0000221000    0.0000216200   -0.0000244900
  -0.0000520500    0.0001017600    0.0000320000
   0.0000292600   -0.0000205000   -0.0000154500
   0.0000256100    0.0000213100   -0.0000279100
  -0.0019610700   -0.0000001300    0.0097774400
   0.0000494100   -0.0001232600    0.0000094800
   0.0000420400    0.0001000200    0.0000004000
  -0.0000466200   -0.0001611300   -0.0000065900
  -0.0000630000    0.0001793800    0.0000163500
   0.0000180900    0.0000001000   -0.0000006200
  -0.0000441000    0.0000561600   -0.0000019000
   0.0000179100   -0.0000000600   -0.0000006400
  -0.0000665100   -0.0000515600    0.0000120000
   0.0004070800    0.0021169600   -0.0017819900
  -0.0001084000    0.0000391300    0.0001235900
   0.0000398200    0.0000150500   -0.0000192400
  -0.0000030700   -0.0000276500    0.0000237300
   0.0010407700    0.0028008100   -0.0025004300
   0.0000373600    0.0000078700   -0.0000249500
   0.0000069400   -0.0000019400   -0.0000223200
   0.0000024300   -0.0000079100   -0.0000130900
   0.0000048600    0.0000264200   -0.0000085900

46   
 -0.0070511502347270   0.0000000000000000  -0.0070909294431202
  -0.0001577400    0.0001875700   -0.0006443800
  -0.0067587000    0.0011681700   -0.0094377900
  -0.0000197100   -0.0000640900   -0.0000069500
   0.0000106200   -0.0000270900    0.0000073800
  -0.0000673900   -0.0000340100   -0.0000411800
  -0.0000614000    0.0000145700   -0.0000141000
  -0.0004433600   -0.0004073100   -0.0006798900
   0.0000556300   -0.0000902000    0.0000666200
   0.0000617300    0.0000222000    0.0000140900
  -0.0087846500   -0.0225940000   -0.0287563700
   0.0000538900   -0.0000232800    0.0001188600
   0.0001504000    0.0001353700   -0.0000974900
   0.0000353200   -0.0006737300   -0.0003693600
  -0.0002420000    0.0004210900   -0.0004383000
   0.0000573600   -0.0000065300   -0.0000045300
   0.0000198600    0.0000357600    0.0000005900
   0.0000233600   -0.0000130600   -0.0000021100
  -0.0000151600    0.0000284000   -0.0000142100
  -0.0463327000    0.0216778000   -0.0485739600
  -0.0004966900   -0.0003012700   -0.0001658900
   0.0000179400    0.0000027100   -0.0000066900
   0.0000113500   -0.0000169800    0.0000009300
  -0.0000194800   -0.0001043500    0.0000636400
  -0.0000005600    0.0000333000   -0.0000164900
  -0.0005121800    0.0007722900   -0.0001324600
   0.0000388600   -0.0000088500   -0.0000184100
   0.0002015300    0.0001179300   -0.0000449100
  -0.0008730200   -0.0019762600   -0.0024945600
  -0.0000126400    0.0014723800   -0.0001810000
   0.0000457200    0.0000100800   -0.0000050300
   0.0000108000   -0.0000000500   -0.0000024000
   0.0025437200    0.0004968000   -0.0013320500
   0.0000607700    0.0000287800   -0.0000484200
   0.0000107800   -0.0000291900   -0.0000258800
   0.0000117700   -0.0000196100   -0.0000279800
   0.0000289200    0.0000098000    0.0000179800
  -0.0006002200   -0.0005993100   -0.0000701400
  -0.0000833400    0.0000595200    0.0001985100
  -0.0000174100   -0.0000195900   -0.0000089600
  -0.0001115900    0.0000752700    0.0001677400
   0.0004353000   -0.0000958900    0.0009221800
  -0.0000049200    0.0000150900   -0.0000018700
  -0.0000021400   -0.0000183800   -0.0000039300
  -0.0000021600    0.0000208300    0.0000014400
   0.0000027300   -0.0000090800   -0.0000098100
   0.0710743700   -0.0002882000    0.0899784600
  -0.0000371900    0.0000983600    0.0001587000
   0.0000000700    0.0000417700    0.0001244800
  -0.0000618900   -0.0000175100    0.0000731300
   0.0000415100   -0.0000834900    0.0002108000
  -0.0000148300    0.0000001100   -0.0000043900
  -0.0000806300   -0.0000421900    0.0000908400
  -0.0000150200   -0.0000001000   -0.0000042600
   0.0000599100    0.0000045400    0.0001942500
  -0.0016878400   -0.0014990300   -0.0012950700
   0.0002994000   -0.0001832100    0.0007050000
  -0.0000129300    0.0000004200   -0.0000058900
  -0.0000147500    0.0000230500   -0.0000079800
   0.0000199100    0.0000120600    0.0001759400
   0.0000019700   -0.0000154400   -0.0000039400
   0.0000182000   -0.0000380900    0.0001780800
  -0.0000059500   -0.0000112300    0.0000066300
  -0.0000113100    0.0000027500   -0.0000141500
  -0.0009327200    0.0032590200    0.0025535600
  -0.0000421500    0.0000188900    0.0000242000
   0.0001280700    0.0000500400    0.0000799900
  -0.0003275300    0.0017788200    0.0018585300
   0.0001749900    0.0000713800   -0.0000393700
  -0.0000427800    0.0000170600    0.0000195600
  -0.0000261000    0.0000147500   -0.0000138300
  -0.0000001500   -0.0000112500    0.0000300900
  -0.0000014700   -0.0000106300    0.0000221700
   0.0018518200   -0.0002783100   -0.0005116400
  -0.0000073600    0.0000191500    0.0000015300
  -0.0001068900   -0.0000734000    0.0001535600
   0.0009138400    0.0026881500   -0.0015196100
  -0.0000469000   -0.0000372800    0.0001873000
  -0.0000194800   -0.0000044300   -0.0000100600
   0.0000021300    0.0000087100   -0.0000020000
   0.0000026000   -0.0000119900   -0.0000088700
   0.0000000000    0.0000005800   -0.0000080500
  -0.0044043800    0.0001787100    0.0014849300
  -0.0055710500   -0.0002749200    0.0028695200
  -0.0000515100    0.0000121500   -0.0000022800
  -0.0000325200    0.0000216500    0.0000200400
   0.0000418100   -0.0000107100   -0.0000223400
  -0.0000224200   -0.0000219900    0.0000250700
   0.0000524100   -0.0000982500   -0.0000299100
  -0.0000298000    0.0000210200    0.0000157200
  -0.0000259700   -0.0000215600    0.0000275700
   0.0019919400   -0.0000001700   -0.0098961900
  -0.0000521600    0.0001233600   -0.0000086800
  -0.0000442900   -0.0001016200   -0.0000026200
   0.0000487100    0.0001634800    0.0000059900
   0.0000636300   -0.0001809100   -0.0000174000
  -0.0000185100    0.0000000900    0.0000006000
   0.0000435700   -0.0000543000    0.0000031000
  -0.0000187000   -0.0000000600    0.0000005900
   0.0000677800    0.0000496200   -0.0000141900
  -0.0003797300   -0.0021302000    0.0018126300
   0.0001085200   -0.0000381800   -0.0001232000
  -0.0000407700   -0.0000155400    0.0000194000
   0.0000059100    0.0000274800   -0.0000218700
  -0.0010421700   -0.0028023900    0.0025021400
  -0.0000380100   -0.0000078400    0.0000254900
  -0.0000070000    0.0000023600    0.0000230900
  -0.0000024800    0.0000081700    0.0000134000
  -0.0000049500   -0.0000269000    0.0000092200
