108  
18   

1    
  0.0100000000000000   0.0000000000000000   0.0000000000000000
  -0.2386600100    0.0004893700   -0.0015579500
   0.0012414200    0.0002366100   -0.0000788200
   0.0012001400   -0.0000668300    0.0001023300
  -0.0002034900   -0.0005303400    0.0000611100
  -0.0000242700    0.0006570000   -0.0000443200
   0.0000536800    0.0000006000    0.0000033800
  -0.0001975800   -0.0009690800    0.0000135400
   0.0000536900    0.0000007100   -0.0000050500
  -0.0000302400    0.0009431400   -0.0000156300
   0.0005271400    0.0008388900    0.0001251100
   0.0000574000    0.0000469300    0.0000244300
   0.0047850300   -0.0086706700   -0.0009751200
   0.0047403700    0.0142258900   -0.0002072200
   0.0000427600   -0.0000245200    0.0000063900
   0.0006678000    0.0008966900   -0.0000139000
  -0.0000345400   -0.0000691900   -0.0000108300
   0.0000590900    0.0001548200   -0.0000040700
  -0.0000390900   -0.0000087600   -0.0000165800
   0.0111637700   -0.0107965300    0.0006727800
   0.0002810600   -0.0000257600    0.0000119700
   0.0071994800    0.0100215200   -0.0002682600
   0.0019310700   -0.0001750000    0.0000543800
  -0.0000018100    0.0000899500    0.0000060600
  -0.0000185500   -0.0000895100   -0.0000070800
  -0.0000026600   -0.0000017100   -0.0000047500
  -0.0000175600    0.0000193700   -0.0000057100
   0.0019312600    0.0000018200   -0.0000045600
   0.0043283500    0.0072253200    0.0001252100
   0.0000163300   -0.0000165700   -0.0000075900
   0.0003792100   -0.0009201200   -0.0000546600
   0.0050143200   -0.0125450200    0.0000487400
   0.0002224800   -0.0007945300   -0.0001002000
  -0.0000585200    0.0000424300    0.0000257900
   0.0000316700   -0.0000758000   -0.0000102300
   0.0000238300    0.0000390400   -0.0000265500
  -0.0000593200   -0.0000534600    0.0000171300
   0.0005170300    0.0008827100   -0.0003880400
   0.0000143100   -0.0000012600    0.0000286000
   0.0361432200    0.0137820200   -0.0273173500
   0.0006768900   -0.0005248000   -0.0001977400
  -0.0000448500   -0.0000085000   -0.0000164100
  -0.0001219700    0.0000489800    0.0000993800
  -0.0000010200    0.0000268900    0.0000039500
   0.0000274900    0.0000385000    0.0000572100
   0.0000577000    0.0000084800    0.0000070400
   0.0000718600   -0.0006375300   -0.0000545400
  -0.0000288300    0.0000003800    0.0000004000
   0.0000465900    0.0006495200    0.0001366000
   0.0163056800    0.0004646700   -0.0003918500
  -0.0000546900   -0.0001947700    0.0000776200
  -0.0000582800    0.0001747400   -0.0000799600
  -0.0000061400   -0.0000193400    0.0000244900
  -0.0000286900    0.0000307800   -0.0000400000
  -0.0000191400    0.0000001500   -0.0000076500
   0.0410739900   -0.0142835500   -0.0280915300
   0.0000572000   -0.0000258500    0.0000440900
   0.0006970300   -0.0009017600    0.0000909200
   0.0005010800    0.0001349900    0.0000479700
  -0.0000974900   -0.0000170000    0.0001281500
  -0.0000230100    0.0000036900   -0.0000215100
   0.0000103800   -0.0000272400    0.0000736800
   0.0000008300   -0.0000183300   -0.0000134700
   0.0000701000   -0.0000314500    0.0000484100
  -0.0000789500    0.0000251100    0.0000177800
  -0.0000905200   -0.0000235700   -0.0000262900
  -0.0043374500    0.0001728300   -0.0001959900
   0.0003754600    0.0027089300    0.0007617800
  -0.0000363900    0.0000086800    0.0000008000
   0.0007242600   -0.0030397700   -0.0007480500
  -0.0000404600   -0.0000089300   -0.0000207300
  -0.0000120000   -0.0000180900   -0.0000052700
  -0.0000273400    0.0000093700    0.0000160300
  -0.0000688200    0.0000220300   -0.0000638300
  -0.0000825600   -0.0000216200    0.0000321000
  -0.0039590100    0.0001882500    0.0001029500
   0.0004288700    0.0026514800   -0.0003685300
  -0.0000328900   -0.0000048300   -0.0000018400
   0.0007570500   -0.0027204300    0.0007173900
  -0.0000361200    0.0000130900   -0.0000028300
  -0.0000231000   -0.0000088800    0.0000041500
  -0.0000212700    0.0000006700   -0.0000076400
   0.0429930100   -0.0149299200    0.0290651900
   0.0000401300   -0.0000195100   -0.0000220700
   0.0008819500   -0.0010259900    0.0002044100
   0.0005035400    0.0002507800   -0.0000403200
  -0.0001473600   -0.0000181000   -0.0000924300
  -0.0000359200    0.0000030800    0.0000164800
   0.0000207000   -0.0000265400   -0.0000753000
   0.0000005500   -0.0000184700    0.0000187600
   0.0000808400   -0.0000613500   -0.0000196400
   0.0007496800    0.0007884000   -0.0002879500
   0.0000485300    0.0000183400   -0.0000832500
   0.0427281100    0.0151715200    0.0284952000
   0.0005429200   -0.0002188100   -0.0000220600
  -0.0000505000   -0.0000124200    0.0000153700
  -0.0001341700    0.0000749900   -0.0001837300
   0.0000021800    0.0000227200    0.0000148600
   0.0000177100    0.0000462600   -0.0000851800
   0.0001402200   -0.0000218500   -0.0000843700
   0.0001036300   -0.0005270200    0.0000932000
  -0.0000344300   -0.0000019500    0.0000027200
   0.0001008200    0.0008769300    0.0002514600
   0.0158056100    0.0000964500    0.0004635100
  -0.0000431300   -0.0002104000   -0.0000768300
  -0.0001124600    0.0001583100    0.0000652400
   0.0000106500   -0.0000018400   -0.0000208700
  -0.0000215500   -0.0000201400    0.0000460600
  -0.0000209400    0.0000004000    0.0000018400

1    
 -0.0100000000000000   0.0000000000000000   0.0000000000000000
   0.2384231300    0.0011117400    0.0016330900
  -0.0011980200   -0.0002262400    0.0000730400
  -0.0012392100    0.0000743000   -0.0001057300
   0.0002051500    0.0005485900   -0.0000619300
   0.0000256600   -0.0006388100    0.0000428000
  -0.0000535300   -0.0000011300   -0.0000035300
   0.0002110300    0.0009558200   -0.0000131500
  -0.0000535000   -0.0000010200    0.0000050300
   0.0000196800   -0.0009566900    0.0000142000
  -0.0005230900   -0.0008229000   -0.0001253800
  -0.0000577600   -0.0000468100   -0.0000247700
  -0.0049535100    0.0085847400    0.0009687300
  -0.0047439600   -0.0141019700    0.0002007400
  -0.0000437500    0.0000258100   -0.0000067300
  -0.0006602900   -0.0009254500    0.0000125500
   0.0000350900    0.0000713400    0.0000109400
  -0.0000578700   -0.0001537000    0.0000034300
   0.0000371100    0.0000080200    0.0000163100
  -0.0105056800    0.0105009200   -0.0006695900
  -0.0002812900    0.0000255000   -0.0000122900
  -0.0078114100   -0.0102785500    0.0002416700
  -0.0019342600    0.0001823400   -0.0000561500
   0.0000031700   -0.0000877100   -0.0000063600
   0.0000172000    0.0000915100    0.0000070100
   0.0000023800    0.0000008900    0.0000047600
   0.0000182500   -0.0000206100    0.0000056600
  -0.0019344900    0.0000382600    0.0000034400
  -0.0041593200   -0.0073134600   -0.0001193000
  -0.0000157100    0.0000164100    0.0000073100
  -0.0003766200    0.0009370000    0.0000539500
  -0.0049869100    0.0126706400   -0.0000541700
  -0.0002298300    0.0007724100    0.0001005000
   0.0000593000   -0.0000417900   -0.0000262200
  -0.0000326000    0.0000763800    0.0000103300
  -0.0000250100   -0.0000382100    0.0000261700
   0.0000608200    0.0000524300   -0.0000174600
  -0.0005109500   -0.0008802800    0.0003953700
  -0.0000151800   -0.0000001500   -0.0000286400
  -0.0368373300   -0.0141863300    0.0282359100
  -0.0006821600    0.0005204000    0.0001763500
   0.0000447000    0.0000084600    0.0000162500
   0.0001230600   -0.0000471300   -0.0000990200
   0.0000009400   -0.0000272200   -0.0000040400
  -0.0000280800   -0.0000389100   -0.0000572400
  -0.0000556700   -0.0000100300   -0.0000069600
  -0.0000744200    0.0006392100    0.0000592700
   0.0000287200   -0.0000006500   -0.0000005400
  -0.0000477500   -0.0006479100   -0.0001343800
  -0.0163132200   -0.0001574400    0.0001973800
   0.0000555100    0.0001920300   -0.0000777600
   0.0000558900   -0.0001776400    0.0000800000
   0.0000061400    0.0000191300   -0.0000241600
   0.0000287500   -0.0000308100    0.0000399300
   0.0000191500   -0.0000004200    0.0000076300
  -0.0401761100    0.0137741100    0.0270968900
  -0.0000564800    0.0000245500   -0.0000424200
  -0.0007131500    0.0009029400   -0.0000966300
  -0.0005021300   -0.0001347100   -0.0000198800
   0.0000975900    0.0000179600   -0.0001276500
   0.0000230900   -0.0000036500    0.0000217000
  -0.0000102200    0.0000271500   -0.0000731900
  -0.0000007100    0.0000181800    0.0000136000
  -0.0000714200    0.0000291900   -0.0000470100
   0.0000798600   -0.0000261700   -0.0000160600
   0.0000897400    0.0000224300    0.0000278600
   0.0043430400   -0.0001431100    0.0002038100
  -0.0003928800   -0.0026751600   -0.0007338700
   0.0000365400   -0.0000094400   -0.0000014100
  -0.0007019100    0.0030676100    0.0007666400
   0.0000407400    0.0000117900    0.0000234700
   0.0000119300    0.0000178300    0.0000051200
   0.0000275400   -0.0000096200   -0.0000161300
   0.0000698900   -0.0000229000    0.0000618100
   0.0000814600    0.0000203900   -0.0000336500
   0.0039582200   -0.0001618300   -0.0001070100
  -0.0004503000   -0.0026271600    0.0003489900
   0.0000329400    0.0000041700    0.0000025900
  -0.0007402900    0.0027462200   -0.0007315800
   0.0000367400   -0.0000094700   -0.0000004100
   0.0000231100    0.0000085200   -0.0000039000
   0.0000212000   -0.0000009200    0.0000078800
  -0.0420425800    0.0143981500   -0.0280429600
  -0.0000395600    0.0000176700    0.0000220300
  -0.0008932200    0.0010290800   -0.0001968800
  -0.0005025600   -0.0002525800    0.0000147200
   0.0001460200    0.0000189000    0.0000920100
   0.0000359100   -0.0000029400   -0.0000166200
  -0.0000202000    0.0000264800    0.0000747500
  -0.0000006900    0.0000183600   -0.0000188900
  -0.0000819600    0.0000591300    0.0000187100
  -0.0007362800   -0.0007858600    0.0002804100
  -0.0000494000   -0.0000198300    0.0000850100
  -0.0436761000   -0.0157085400   -0.0295287600
  -0.0005442600    0.0002156100    0.0000558000
   0.0000505100    0.0000125900   -0.0000152500
   0.0001345500   -0.0000731000    0.0001842400
  -0.0000021400   -0.0000229100   -0.0000147600
  -0.0000181300   -0.0000465500    0.0000859600
  -0.0001382100    0.0000197400    0.0000852500
  -0.0001068200    0.0005286500   -0.0000973000
   0.0000343700    0.0000016600   -0.0000025700
  -0.0000974000   -0.0008709600   -0.0002543100
  -0.0158340300    0.0002384000   -0.0002397400
   0.0000440000    0.0002063100    0.0000766700
   0.0001102800   -0.0001610400   -0.0000644800
  -0.0000108700    0.0000020200    0.0000207800
   0.0000212800    0.0000190500   -0.0000458500
   0.0000210100   -0.0000006900   -0.0000018000

1    
  0.0000000000000000   0.0000000000000000   0.0100000000000000
  -0.0015900300   -0.0009180800   -0.2612599100
   0.0001001200   -0.0000799000    0.0006119000
  -0.0000718000   -0.0000094400    0.0006131200
   0.0000192900    0.0000624300    0.0004247800
  -0.0000191300    0.0001266700    0.0006119100
  -0.0000050400   -0.0000029200   -0.0000669500
   0.0000637200   -0.0000145000    0.0004247700
   0.0000032900    0.0000018900   -0.0000669400
  -0.0000440800   -0.0000574600    0.0006131200
  -0.0000097400    0.0000084100    0.0001137500
  -0.0000094600    0.0000128600    0.0000003600
  -0.0007192700    0.0006094100   -0.0059985000
  -0.0008029800   -0.0002397500   -0.0051519300
  -0.0000060100    0.0000100300   -0.0000041200
   0.0000689300   -0.0001034700    0.0001143500
   0.0000006200   -0.0000074200   -0.0000041100
  -0.0000156400   -0.0000051900   -0.0000562400
   0.0000299900   -0.0000116900    0.0000000300
  -0.0006091200   -0.0005755200   -0.0051519700
  -0.0000123100   -0.0000109500   -0.0000562500
   0.0001681200   -0.0009275900   -0.0059985100
   0.0000024100   -0.0000126400    0.0001137500
   0.0000056700   -0.0000102200   -0.0000041200
   0.0000048800    0.0000318200    0.0000000300
  -0.0000061200    0.0000042500   -0.0000041200
   0.0000064000   -0.0000146200    0.0000003500
  -0.0000551300    0.0001114300    0.0001143500
  -0.0000504600    0.0002164300   -0.0072903700
   0.0000135300    0.0000107000    0.0000545800
   0.0000043700    0.0000025300    0.0004973800
   0.0001622100   -0.0001519600   -0.0072903700
  -0.0000369000   -0.0000213100    0.0003616900
   0.0000133000   -0.0000040400    0.0000074600
   0.0000038600    0.0000022200   -0.0000242800
   0.0000160400    0.0000063800    0.0000545900
   0.0000031600    0.0000135500    0.0000074600
   0.0006354900    0.0003194400    0.0004968100
  -0.0000120400    0.0000174000   -0.0000239800
  -0.0288984500   -0.0166845200    0.0444333200
   0.0005944000    0.0003906400    0.0004968000
  -0.0000231400   -0.0000133600    0.0000007900
  -0.0000940300    0.0001344100   -0.0000477600
  -0.0000178000   -0.0000102800    0.0000014000
   0.0000090500   -0.0000191300   -0.0000239900
   0.0000693900   -0.0001486400   -0.0000477500
  -0.0001142200    0.0003026200    0.0009260900
  -0.0000038600   -0.0000208000    0.0000012800
   0.0002916500    0.0003469000    0.0008759700
  -0.0005472800   -0.0326060200    0.0448514300
  -0.0001628600    0.0000565000   -0.0000827400
   0.0001313500    0.0000405700   -0.0000441600
   0.0000119400    0.0000051300    0.0000115800
  -0.0000204100   -0.0000088700   -0.0000033500
  -0.0000026000   -0.0000251200    0.0000023700
  -0.0285113100    0.0158290600    0.0448514200
  -0.0000178900   -0.0000132500   -0.0000033500
   0.0004462600    0.0000791400    0.0008759700
   0.0002049600   -0.0002502400    0.0009261000
  -0.0000324900   -0.0001692800   -0.0000827500
  -0.0000230600    0.0000103200    0.0000023600
   0.0000104100    0.0000077700    0.0000115700
  -0.0000199400    0.0000070600    0.0000012700
   0.0001008100    0.0000934800   -0.0000441600
  -0.0000134700    0.0000164300    0.0000708400
   0.0000457500    0.0000264200    0.0000423400
  -0.0000912000   -0.0018749100    0.0024549300
   0.0018408300    0.0010628100    0.0019745100
   0.0000004800   -0.0000277400    0.0000114400
  -0.0016693300    0.0008584700    0.0024549300
   0.0000074900   -0.0000198800    0.0000708400
  -0.0000237900    0.0000142900    0.0000114300
   0.0000208400    0.0000120400    0.0000050000
   0.0000007700   -0.0000146100    0.0000925300
  -0.0000204900   -0.0000118300    0.0000327700
   0.0003500500    0.0018880600    0.0024681100
  -0.0018077400   -0.0010436900    0.0019333800
  -0.0000014100    0.0000289600    0.0000150900
   0.0018101300   -0.0006408600    0.0024681100
  -0.0000122700    0.0000079700    0.0000925300
   0.0000243700   -0.0000157000    0.0000150800
  -0.0000241500   -0.0000139400    0.0000072400
   0.0307810800   -0.0174534000    0.0455682300
   0.0000298200    0.0000209700   -0.0000105100
  -0.0006675700    0.0000065400    0.0006701500
  -0.0002740600    0.0002837100    0.0008404900
   0.0000312300    0.0001401700   -0.0000625200
   0.0000228100   -0.0000134200   -0.0000019500
  -0.0000110200   -0.0000144300    0.0000010600
   0.0000169200   -0.0000140200    0.0000044400
  -0.0001093300   -0.0001113400   -0.0000384000
  -0.0004218500   -0.0001806000    0.0008186600
   0.0000006100   -0.0000210300    0.0000014400
   0.0298784500    0.0172503200    0.0455363100
  -0.0003673300   -0.0002750300    0.0008186700
   0.0000218900    0.0000126400    0.0000028900
   0.0000460900   -0.0001383900   -0.0000148000
   0.0000160000    0.0000092300    0.0000135100
  -0.0000179200    0.0000110600    0.0000014300
  -0.0000968100    0.0001091100   -0.0000148000
   0.0001086800   -0.0003791900    0.0008404800
  -0.0000036900    0.0000216700    0.0000044300
  -0.0003281300   -0.0005814000    0.0006701600
   0.0002754600    0.0353839300    0.0455682400
   0.0001370000   -0.0000430400   -0.0000625100
  -0.0001510900   -0.0000390100   -0.0000384000
  -0.0000180000   -0.0000023300    0.0000010600
   0.0000330700    0.0000153400   -0.0000105000
  -0.0000002200    0.0000264700   -0.0000019500

1    
  0.0000000000000000   0.0000000000000000  -0.0100000000000000
   0.0015950900    0.0009209900    0.2610673000
  -0.0001079400    0.0000746400   -0.0006147700
   0.0000800700    0.0000034800   -0.0006135700
  -0.0000073900   -0.0000642200   -0.0004243800
   0.0000106800   -0.0001307800   -0.0006147700
   0.0000050500    0.0000029100    0.0000668900
  -0.0000593000    0.0000257100   -0.0004243900
  -0.0000036000   -0.0000020800    0.0000668900
   0.0000430500    0.0000675900   -0.0006135400
   0.0000087600   -0.0000114700   -0.0001163800
   0.0000093600   -0.0000142600   -0.0000002500
   0.0007147500   -0.0008074300    0.0059782400
   0.0009475700    0.0002997100    0.0051528700
   0.0000062800   -0.0000080200    0.0000042100
  -0.0000710300    0.0001049800   -0.0001159000
  -0.0000000900    0.0000073500    0.0000042300
   0.0000161400    0.0000045000    0.0000560500
  -0.0000305500    0.0000101600   -0.0000005900
   0.0007333500    0.0006707600    0.0051528700
   0.0000119700    0.0000117400    0.0000560600
  -0.0003418700    0.0010227100    0.0059782500
  -0.0000055500    0.0000133200   -0.0001163700
  -0.0000038100    0.0000094500    0.0000042100
  -0.0000064600   -0.0000315400   -0.0000005900
   0.0000063200   -0.0000037500    0.0000042300
  -0.0000076700    0.0000152300   -0.0000002500
   0.0000554100   -0.0001139900   -0.0001159000
   0.0000581500   -0.0004232400    0.0072917300
  -0.0000147200   -0.0000117100   -0.0000546500
  -0.0000029200   -0.0000017000   -0.0004965200
  -0.0003375000    0.0002620100    0.0072916800
   0.0000434700    0.0000250800   -0.0003635200
  -0.0000131300    0.0000059200   -0.0000072300
  -0.0000046400   -0.0000026800    0.0000242200
  -0.0000174900   -0.0000068800   -0.0000546300
  -0.0000014400   -0.0000143200   -0.0000072400
  -0.0006519800   -0.0003241000   -0.0004825400
   0.0000135500   -0.0000167400    0.0000240800
   0.0279615600    0.0161436300   -0.0433760800
  -0.0006066600   -0.0004025800   -0.0004825400
   0.0000229700    0.0000132500   -0.0000009400
   0.0000914500   -0.0001377300    0.0000483700
   0.0000175300    0.0000101100   -0.0000014600
  -0.0000077200    0.0000201000    0.0000240700
  -0.0000735400    0.0001480600    0.0000483800
   0.0001086900   -0.0002871000   -0.0009364000
   0.0000038300    0.0000210900   -0.0000010000
  -0.0002871600   -0.0003345600   -0.0008872400
   0.0005523600    0.0337009300   -0.0457831800
   0.0001612500   -0.0000541100    0.0000826300
  -0.0001290300   -0.0000378500    0.0000443800
  -0.0000120400   -0.0000070200   -0.0000113800
   0.0000204800    0.0000073500    0.0000035500
   0.0000025400    0.0000252800   -0.0000022000
   0.0294620400   -0.0163721100   -0.0457832100
   0.0000166100    0.0000140600    0.0000035500
  -0.0004333100   -0.0000814100   -0.0008872500
  -0.0001942900    0.0002376800   -0.0009364100
   0.0000337800    0.0001667100    0.0000826300
   0.0000231600   -0.0000104400   -0.0000022100
  -0.0000121000   -0.0000069200   -0.0000113700
   0.0000201800   -0.0000072300   -0.0000010000
  -0.0000972900   -0.0000928100    0.0000443800
   0.0000152200   -0.0000174900   -0.0000697600
  -0.0000476100   -0.0000274900   -0.0000414100
   0.0000942200    0.0018657500   -0.0024505300
  -0.0018294100   -0.0010562100   -0.0019743500
  -0.0000003000    0.0000274400   -0.0000115400
   0.0016628900   -0.0008512900   -0.0024505400
  -0.0000075300    0.0000219200   -0.0000697700
   0.0000236200   -0.0000139800   -0.0000115500
  -0.0000205600   -0.0000118600   -0.0000047700
   0.0000010000    0.0000135400   -0.0000932500
   0.0000183000    0.0000105600   -0.0000335900
  -0.0003446000   -0.0019013200   -0.0024654400
   0.0018252100    0.0010537900   -0.0019358600
   0.0000014100   -0.0000292700   -0.0000150600
  -0.0018188900    0.0006522300   -0.0024654300
   0.0000122300   -0.0000059000   -0.0000932500
  -0.0000246500    0.0000158500   -0.0000150600
   0.0000243300    0.0000140500   -0.0000072700
  -0.0298139700    0.0168776400   -0.0446247400
  -0.0000317100   -0.0000204800    0.0000102800
   0.0006899100   -0.0000125300   -0.0006540800
   0.0002818400   -0.0002944500   -0.0008331600
  -0.0000298500   -0.0001437200    0.0000636300
  -0.0000225900    0.0000133200    0.0000018800
   0.0000094700    0.0000150600   -0.0000011200
  -0.0000165700    0.0000139000   -0.0000046500
   0.0001127100    0.0001116000    0.0000391200
   0.0004123200    0.0001762500   -0.0008284800
   0.0000011100    0.0000221900   -0.0000008700
  -0.0308088800   -0.0177874900   -0.0464047600
   0.0003587900    0.0002689500   -0.0008284800
  -0.0000220800   -0.0000127500   -0.0000027100
  -0.0000483400    0.0001352700    0.0000147800
  -0.0000162700   -0.0000094000   -0.0000133800
   0.0000197700   -0.0000101200   -0.0000008700
   0.0000929700   -0.0001095100    0.0000147800
  -0.0001140900    0.0003913000   -0.0008331500
   0.0000037600   -0.0000213000   -0.0000046600
   0.0003340900    0.0006037400   -0.0006540600
  -0.0002905100   -0.0342585000   -0.0446246800
  -0.0001393900    0.0000460000    0.0000636300
   0.0001530000    0.0000418200    0.0000391200
   0.0000177700    0.0000006800   -0.0000011500
  -0.0000335900   -0.0000172200    0.0000102800
   0.0000002400   -0.0000262200    0.0000018800

28   
  0.0066457865121775   0.0000000000000000   0.0074721831906451
   0.0028633700   -0.0080345200   -0.0055545200
   0.0002091400   -0.0006452300    0.0003807700
   0.0000056100    0.0000102800    0.0000497200
   0.0000132100   -0.0000549300   -0.0000151500
  -0.0000272000    0.0000443700    0.0000072900
  -0.0000026300   -0.0000092400    0.0000513000
   0.0034140400    0.0045469600   -0.0053146500
  -0.0000194300   -0.0000321300    0.0000145900
   0.0000756200   -0.0005613000    0.0002432400
   0.0062894200   -0.0068662800   -0.0052098500
   0.0001089300    0.0000089600   -0.0000183000
   0.0060035200    0.0066437700   -0.0056859400
   0.0010528300    0.0000881700    0.0002714700
  -0.0000126900    0.0000312100    0.0000424200
   0.0000139600   -0.0000023900    0.0000392400
  -0.0000266300    0.0000124500    0.0000126400
  -0.0000401200   -0.0000500500   -0.0000017500
   0.0013202200    0.0000543700    0.0003700200
   0.0027707700    0.0081398800   -0.0053459800
   0.0000158100   -0.0000473700    0.0000317800
   0.0002922500    0.0005897100    0.0003597400
  -0.0000527800   -0.0000127100    0.0000034200
   0.0000293400    0.0000462900   -0.0000212900
   0.0000348100    0.0000189700    0.0000301900
   0.0002246400    0.0004810800    0.0002988400
  -0.0000586200    0.0000391400   -0.0000036600
   0.0032366600   -0.0045378000   -0.0055822200
  -0.1641568700    0.0004245100   -0.1967382900
   0.0006050500    0.0002546000    0.0005358000
   0.0005251200   -0.0002380700    0.0005834800
  -0.0000884100   -0.0000905600    0.0005654600
  -0.0000462800    0.0001462200    0.0005540100
   0.0000140200   -0.0000000400   -0.0000521400
  -0.0000540400   -0.0006452600    0.0005417600
   0.0000140900   -0.0000000400   -0.0000521800
  -0.0000801200    0.0005778600    0.0005780000
   0.0021274500    0.0027023300    0.0024098300
  -0.0000207100   -0.0000224700   -0.0000013700
  -0.0007788600   -0.0010085300    0.0011477600
  -0.0000145700   -0.0000530200   -0.0000088400
  -0.0000304200    0.0000055900   -0.0000077000
   0.0000084800    0.0000168500    0.0000049700
  -0.0000686000    0.0000311600    0.0000113900
   0.0000238300    0.0000221400   -0.0000291800
  -0.0025394000   -0.0016770800    0.0017755300
   0.0058048300    0.0026124300    0.0137736900
   0.0000591400   -0.0000441000    0.0000143400
   0.0009008600   -0.0005540300    0.0006819200
   0.0005199500   -0.0002764300    0.0006444100
  -0.0001155100   -0.0001195400    0.0000286800
  -0.0000216900    0.0000113000   -0.0000110800
   0.0000290200   -0.0000226100    0.0000378400
  -0.0000165200    0.0000017800   -0.0000038900
   0.0001344000    0.0001234800   -0.0000059000
   0.0103356900   -0.0258897000    0.0341785500
  -0.0001382000   -0.0000758800   -0.0000316000
   0.0001641000    0.0001136700   -0.0001004800
   0.0000090300   -0.0000400200    0.0000088600
  -0.0000364500    0.0000331300   -0.0000384700
  -0.0000022600   -0.0000186300   -0.0000041800
  -0.0002684100   -0.0000574500    0.0006456100
  -0.0000135900   -0.0000223600    0.0000025000
   0.0002518100    0.0008875700    0.0007356800
   0.0007464900    0.0006805200    0.0005959800
   0.0000591000    0.0000302500    0.0000143000
   0.0064854900   -0.0020897500    0.0137811400
   0.0005442200    0.0000950800    0.0005745600
  -0.0000230500   -0.0000088700   -0.0000169900
  -0.0001364500    0.0001424600    0.0000008100
  -0.0000095700    0.0000011700   -0.0000023300
   0.0000248700    0.0000305000    0.0000340700
   0.0001200500   -0.0001416200   -0.0000333900
  -0.0000715200    0.0005908500    0.0006931900
   0.0000873500    0.0000077100   -0.0000434500
   0.0503556600    0.0231029400    0.0541835500
   0.0000595500   -0.0005887400    0.0007457800
   0.0000106300    0.0000075300    0.0000026800
   0.0000027900   -0.0001616900   -0.0001597700
   0.0000222400    0.0000207800    0.0000089700
   0.0000120200    0.0000654900   -0.0000672900
  -0.0000501700    0.0001192800   -0.0001255000
   0.0100937500    0.0268291600    0.0348312200
   0.0001667300   -0.0000877400   -0.0001150400
  -0.0001844400    0.0000726500   -0.0000463000
  -0.0000226000   -0.0000296400   -0.0000331500
   0.0000014300    0.0000299600    0.0000061800
  -0.0000075200    0.0000159100   -0.0000077200
   0.0001560700   -0.0008447900    0.0006116700
  -0.0000114600    0.0000148400    0.0000028000
  -0.0002096300    0.0000837300    0.0005849100
  -0.0011604700    0.0010588700    0.0011375500
  -0.0000156300    0.0000235500    0.0000011000
   0.0019987400   -0.0028636300    0.0021258100
  -0.0000283800    0.0000281700    0.0000353900
   0.0000077700   -0.0000135000    0.0000100600
  -0.0000331400   -0.0000101000   -0.0000081100
  -0.0000203200   -0.0000046900   -0.0000129000
  -0.0000680100   -0.0000229300    0.0000838200
  -0.0029778500    0.0018260800    0.0016350100
   0.0532727800   -0.0249369700    0.0563088800
   0.0000719400   -0.0000099800   -0.0000417400
  -0.0001013900   -0.0006153400    0.0006072800
   0.0000696500    0.0006024000    0.0006127200
   0.0000263100    0.0001688000   -0.0001632200
   0.0000044400   -0.0000068200    0.0000016000
   0.0000133200   -0.0000514400   -0.0000613300
   0.0000161200   -0.0000158500    0.0000078100
  -0.0000679100   -0.0001550200   -0.0001286800

28   
 -0.0066457865121775   0.0000000000000000  -0.0074721831906451
  -0.0029562600    0.0081546200    0.0054137100
  -0.0002116500    0.0006357800   -0.0003669000
  -0.0000044100   -0.0000084400   -0.0000507800
  -0.0000139000    0.0000549600    0.0000155800
   0.0000269500   -0.0000424100   -0.0000068500
   0.0000044000    0.0000093300   -0.0000527300
  -0.0033099500   -0.0047005500    0.0052492800
   0.0000201800    0.0000317400   -0.0000140600
  -0.0000746800    0.0005666400   -0.0002451700
  -0.0058985400    0.0067854000    0.0052810500
  -0.0001086500   -0.0000087900    0.0000181700
  -0.0063961200   -0.0067077300    0.0056134500
  -0.0010510800   -0.0000849900   -0.0002702700
   0.0000142300   -0.0000313400   -0.0000428200
  -0.0000156100    0.0000018400   -0.0000389600
   0.0000271100   -0.0000129100   -0.0000129400
   0.0000396400    0.0000500700    0.0000017100
  -0.0013194400   -0.0000393800   -0.0003727100
  -0.0026832600   -0.0080155500    0.0054777500
  -0.0000164700    0.0000494400   -0.0000311600
  -0.0002908800   -0.0005975800   -0.0003781600
   0.0000531100    0.0000141400   -0.0000045700
  -0.0000285000   -0.0000459900    0.0000208000
  -0.0000369100   -0.0000193500   -0.0000292400
  -0.0002255800   -0.0004737200   -0.0002962900
   0.0000587600   -0.0000395700    0.0000028700
  -0.0033333300    0.0043767800    0.0056456500
   0.1641031800    0.0004253200    0.1966648600
  -0.0005914100   -0.0002565300   -0.0005240900
  -0.0005369400    0.0002380900   -0.0005959100
   0.0000946900    0.0000958500   -0.0005704900
   0.0000392400   -0.0001390000   -0.0005492100
  -0.0000140900   -0.0000000500    0.0000521400
   0.0000619500    0.0006446700   -0.0005344100
  -0.0000139800   -0.0000000600    0.0000521200
   0.0000726700   -0.0005781200   -0.0005849500
  -0.0020875000   -0.0026779800   -0.0023946100
   0.0000202700    0.0000219500    0.0000012900
   0.0008185200    0.0010160200   -0.0011346400
   0.0000155200    0.0000546400    0.0000099500
   0.0000296900   -0.0000054400    0.0000079200
  -0.0000083200   -0.0000165200   -0.0000053200
   0.0000680500   -0.0000303600   -0.0000109200
  -0.0000259300   -0.0000239700    0.0000306700
   0.0025646000    0.0016781600   -0.0017677200
  -0.0059282900   -0.0025244000   -0.0137798000
  -0.0000596400    0.0000451700   -0.0000134400
  -0.0009216300    0.0005421800   -0.0006927200
  -0.0005231400    0.0002825900   -0.0006223400
   0.0001155600    0.0001162700   -0.0000295600
   0.0000220700   -0.0000113300    0.0000113800
  -0.0000295000    0.0000230800   -0.0000382300
   0.0000168200   -0.0000016200    0.0000039900
  -0.0001342400   -0.0001241300    0.0000055800
  -0.0102911800    0.0266735900   -0.0347839000
   0.0001351100    0.0000781700    0.0000306000
  -0.0001673600   -0.0001143600    0.0001011700
  -0.0000082700    0.0000401600   -0.0000096300
   0.0000373100   -0.0000346600    0.0000396800
   0.0000022800    0.0000187000    0.0000043400
   0.0002496000    0.0000611900   -0.0006310600
   0.0000138800    0.0000226000   -0.0000023800
  -0.0002644100   -0.0008806100   -0.0007567100
  -0.0007255200   -0.0006923000   -0.0005863400
  -0.0000587400   -0.0000291800   -0.0000150500
  -0.0063533900    0.0021769200   -0.0137634600
  -0.0005403000   -0.0000871800   -0.0005988400
   0.0000226300    0.0000088400    0.0000167000
   0.0001369100   -0.0001454100    0.0000004300
   0.0000093400   -0.0000009300    0.0000022600
  -0.0000243000   -0.0000301500   -0.0000337900
  -0.0001198700    0.0001410500    0.0000339200
   0.0000516900   -0.0005761600   -0.0007009700
  -0.0000876900   -0.0000089000    0.0000439900
  -0.0524466000   -0.0243448800   -0.0562202900
  -0.0000720400    0.0005723500   -0.0007563600
  -0.0000102700   -0.0000071600   -0.0000027600
  -0.0000044400    0.0001632400    0.0001623200
  -0.0000222900   -0.0000207900   -0.0000086700
  -0.0000116900   -0.0000652200    0.0000684900
   0.0000476100   -0.0001197800    0.0001268700
  -0.0101318400   -0.0260290100   -0.0342009700
  -0.0001631100    0.0000868800    0.0001145300
   0.0001877300   -0.0000711900    0.0000479100
   0.0000218700    0.0000280800    0.0000321000
  -0.0000020400   -0.0000300600   -0.0000055800
   0.0000074900   -0.0000158700    0.0000075500
  -0.0001440500    0.0008522400   -0.0005908800
   0.0000111100   -0.0000146800   -0.0000028400
   0.0002279900   -0.0000805900   -0.0005998700
   0.0011171100   -0.0010461600   -0.0011470300
   0.0000158300   -0.0000240400   -0.0000007200
  -0.0020327100    0.0028838500   -0.0021270100
   0.0000274100   -0.0000255100   -0.0000364500
  -0.0000078300    0.0000136600   -0.0000097600
   0.0000337100    0.0000103400    0.0000080600
   0.0000225400    0.0000027800    0.0000119600
   0.0000677900    0.0000232900   -0.0000847500
   0.0029456900   -0.0018173100   -0.0016341500
  -0.0511449500    0.0236753200   -0.0542424300
  -0.0000718500    0.0000090900    0.0000410900
   0.0001228900    0.0006300400   -0.0005974300
  -0.0000563500   -0.0006202300   -0.0006009900
  -0.0000246600   -0.0001666600    0.0001609400
  -0.0000049100    0.0000072600   -0.0000015700
  -0.0000138600    0.0000518800    0.0000600400
  -0.0000161000    0.0000157900   -0.0000080800
   0.0000698100    0.0001548200    0.0001278200

37   
  0.0066457865121775   0.0000000000000000   0.0074721831906451
   0.0000340300   -0.0002765500    0.0007905000
   0.0034408200   -0.0027137200    0.0139690000
   0.0000322300    0.0000683600   -0.0000276500
   0.0000023600    0.0000194000   -0.0000105500
   0.0000426400    0.0000449500    0.0000117700
   0.0000614800   -0.0000050000   -0.0000132600
   0.0003005300    0.0002557100    0.0007607700
  -0.0000067000    0.0000377400   -0.0000980300
  -0.0000407800   -0.0000122800   -0.0000145700
   0.0081336200    0.0236813700    0.0325469600
   0.0000150900    0.0000007300   -0.0001457400
  -0.0001220100   -0.0000901200    0.0000732900
   0.0000363300    0.0007500200    0.0003909900
   0.0003474000   -0.0002383500    0.0003329500
  -0.0000313700   -0.0000036900    0.0000012500
  -0.0000294000   -0.0000480400   -0.0000331300
  -0.0000194600    0.0000141300    0.0000007700
   0.0000135300   -0.0000261900   -0.0000048000
   0.0440871200   -0.0207628000    0.0506802600
   0.0006513800    0.0002902800   -0.0000701200
  -0.0000110200    0.0000068100   -0.0000102600
  -0.0000244500    0.0000046400   -0.0000242200
   0.0000329600    0.0001195900   -0.0000831600
  -0.0000039800   -0.0000158700    0.0000129900
   0.0005991100   -0.0007832200   -0.0000418300
  -0.0000163900   -0.0000017600    0.0000160900
  -0.0001522400   -0.0001121600    0.0000260800
   0.0013724200    0.0022518200    0.0030440600
  -0.0000479200   -0.0014399900    0.0004924900
  -0.0000198800   -0.0000083800   -0.0000012400
   0.0000017800   -0.0000094700   -0.0000513500
  -0.0025349700   -0.0008215300    0.0017743100
  -0.0000439400   -0.0000166100    0.0000307400
  -0.0000148900    0.0000261000   -0.0000109000
  -0.0000030000    0.0000098000    0.0000159400
  -0.0000176500   -0.0000012300   -0.0000184400
  -0.0656864500   -0.0002323900   -0.0992158700
  -0.0000145400   -0.0001255500   -0.0001202500
  -0.0000016100   -0.0000461400   -0.0001299500
   0.0000908400    0.0000108600   -0.0000611500
  -0.0000632700    0.0000650100   -0.0001885600
   0.0000102800    0.0000001000    0.0000017400
   0.0000845800    0.0001009300   -0.0000558000
   0.0000100600   -0.0000000500    0.0000017800
  -0.0000570200   -0.0000037600   -0.0001928900
   0.0012278700    0.0006472700    0.0000507200
   0.0000344100   -0.0000340800   -0.0003067200
   0.0000017500    0.0000168000    0.0000054800
   0.0000866300   -0.0000537600   -0.0001213000
  -0.0003330900   -0.0002375600   -0.0007856900
  -0.0000033500   -0.0000227000    0.0000105600
   0.0000088000    0.0000206500    0.0000149000
  -0.0000061000   -0.0000155000   -0.0000043400
   0.0000012300   -0.0000018600    0.0000108600
   0.0020791800    0.0021907400    0.0010459200
  -0.0004911100    0.0003987000   -0.0006143600
  -0.0000020000    0.0000047900    0.0000090800
   0.0000099400   -0.0000084500    0.0000184300
  -0.0000243600    0.0000080700   -0.0002566000
  -0.0000079900    0.0000137500    0.0000098000
  -0.0000070100    0.0000417300   -0.0001601800
  -0.0000057700    0.0000113900   -0.0000041700
   0.0000037000   -0.0000073500    0.0000154600
   0.0008379600   -0.0033549400   -0.0030680200
   0.0000190900   -0.0000189900   -0.0000216200
  -0.0001257800   -0.0000505100   -0.0000187800
   0.0001866800   -0.0018492900   -0.0021179700
  -0.0001907800   -0.0000681000    0.0000551700
   0.0000313800   -0.0000118100   -0.0000086900
   0.0000248700   -0.0000089300    0.0000195200
  -0.0000061800    0.0000038300   -0.0000304600
   0.0000015900    0.0000083000   -0.0000151300
  -0.0022990600    0.0002854700    0.0003884300
  -0.0000064400   -0.0000106300    0.0000059100
   0.0000188800    0.0000248200   -0.0002067900
  -0.0012738000   -0.0032558100    0.0012124300
   0.0000132000    0.0000119700   -0.0002006300
   0.0000013800    0.0000044200    0.0000176100
  -0.0000068600   -0.0000027900    0.0000073100
  -0.0000047800    0.0000053400    0.0000157300
  -0.0000045500   -0.0000074100    0.0000133100
   0.0043775700    0.0000094000   -0.0016244600
   0.0056678100    0.0003656200   -0.0035303700
   0.0000404600   -0.0000135300    0.0000076800
   0.0000223000   -0.0000136500   -0.0000077100
  -0.0000380100   -0.0000127600    0.0000458000
   0.0000171000    0.0000180300   -0.0000208300
  -0.0000717800    0.0000871500    0.0000252000
   0.0000210100   -0.0000056800   -0.0000105600
   0.0000179500    0.0000152700   -0.0000281500
  -0.0016782900   -0.0000003100    0.0106646200
   0.0000405100   -0.0001216800    0.0000756300
   0.0000284800    0.0000684200   -0.0000107800
  -0.0000341000   -0.0001508800    0.0000062200
  -0.0000742000    0.0001887900    0.0000580400
   0.0000131500    0.0000000800    0.0000014800
  -0.0000488100    0.0000635000    0.0000494200
   0.0000089000   -0.0000000100   -0.0000002500
  -0.0001003400   -0.0000478400    0.0000148400
   0.0005673900    0.0021125600   -0.0020698700
  -0.0001494700    0.0000645200    0.0001118600
   0.0000256600    0.0000113600   -0.0000168200
  -0.0000391300   -0.0000182500   -0.0000061500
   0.0011130500    0.0027226300   -0.0030257200
   0.0000326200    0.0000053100   -0.0000198300
   0.0000078500   -0.0000057200   -0.0000131500
   0.0000036100   -0.0000058800   -0.0000080700
   0.0000015700    0.0000225200   -0.0000042300

37   
 -0.0066457865121775   0.0000000000000000  -0.0074721831906451
  -0.0000639700    0.0002758400   -0.0007968000
  -0.0035555300    0.0026647800   -0.0138590900
  -0.0000299400   -0.0000672400    0.0000257100
  -0.0000025700   -0.0000201100    0.0000102500
  -0.0000429700   -0.0000466200   -0.0000115800
  -0.0000611100    0.0000060200    0.0000118800
  -0.0003230100   -0.0002747900   -0.0007690900
   0.0000078300   -0.0000383500    0.0000967800
   0.0000430200    0.0000129600    0.0000143100
  -0.0081769200   -0.0242485000   -0.0330658500
  -0.0000132400   -0.0000022400    0.0001440100
   0.0001254400    0.0000958300   -0.0000732700
  -0.0000378800   -0.0007460500   -0.0003983100
  -0.0003381600    0.0002586700   -0.0003413800
   0.0000320200    0.0000030500   -0.0000014900
   0.0000288800    0.0000468300    0.0000313800
   0.0000205300   -0.0000140900   -0.0000009800
  -0.0000139800    0.0000266800    0.0000029600
  -0.0459398600    0.0217998100   -0.0527353600
  -0.0006175000   -0.0002922400    0.0000537700
   0.0000119400   -0.0000059100    0.0000086400
   0.0000238900   -0.0000061300    0.0000229000
  -0.0000319700   -0.0001193800    0.0000833800
   0.0000028700    0.0000167100   -0.0000132800
  -0.0005837600    0.0007758000    0.0000244500
   0.0000186100    0.0000010700   -0.0000162900
   0.0001587700    0.0001111000   -0.0000255300
  -0.0013546300   -0.0022694000   -0.0030843600
   0.0000612600    0.0014434800   -0.0004666500
   0.0000207000    0.0000086300    0.0000009900
  -0.0000012900    0.0000093300    0.0000504900
   0.0025687400    0.0008155500   -0.0017692500
   0.0000452800    0.0000177300   -0.0000332200
   0.0000147100   -0.0000272100    0.0000080400
   0.0000035900   -0.0000099000   -0.0000161900
   0.0000185500    0.0000012400    0.0000181700
   0.0675568000   -0.0002372500    0.1017713000
   0.0000082300    0.0001248100    0.0001217800
  -0.0000001700    0.0000454500    0.0001311400
  -0.0000907000   -0.0000093500    0.0000634000
   0.0000621300   -0.0000675100    0.0001899800
  -0.0000105300    0.0000000400   -0.0000016000
  -0.0000863100   -0.0000965000    0.0000592100
  -0.0000107200   -0.0000001200   -0.0000015000
   0.0000577400    0.0000040200    0.0001951500
  -0.0011941000   -0.0006491000   -0.0000412300
  -0.0000326900    0.0000326100    0.0003021100
  -0.0000020300   -0.0000172300   -0.0000056600
  -0.0000853800    0.0000517200    0.0001224300
   0.0003341900    0.0002205700    0.0008020700
   0.0000025500    0.0000227000   -0.0000103100
  -0.0000091200   -0.0000204800   -0.0000147100
   0.0000062600    0.0000154800    0.0000043700
  -0.0000012600    0.0000015900   -0.0000109400
  -0.0020911200   -0.0021842900   -0.0010677900
   0.0004725100   -0.0003798700    0.0006314200
   0.0000016100   -0.0000047800   -0.0000090600
  -0.0000104400    0.0000090500   -0.0000184100
   0.0000241800   -0.0000059000    0.0002544300
   0.0000079700   -0.0000140300   -0.0000095700
   0.0000037900   -0.0000422300    0.0001618600
   0.0000054000   -0.0000110200    0.0000042900
  -0.0000039800    0.0000072700   -0.0000157700
  -0.0008451600    0.0033792100    0.0030839800
  -0.0000199100    0.0000192200    0.0000217800
   0.0001288000    0.0000518800    0.0000241300
  -0.0001682100    0.0018569400    0.0021542900
   0.0001863700    0.0000665100   -0.0000553400
  -0.0000321100    0.0000122200    0.0000090700
  -0.0000251500    0.0000095400   -0.0000193600
   0.0000060800   -0.0000044500    0.0000302700
  -0.0000014800   -0.0000083700    0.0000158900
   0.0023089300   -0.0002875700   -0.0003873600
   0.0000058400    0.0000107800   -0.0000057300
  -0.0000241000   -0.0000280800    0.0002064700
   0.0012897700    0.0033094100   -0.0012433900
  -0.0000134800   -0.0000097300    0.0001997300
  -0.0000020900   -0.0000045600   -0.0000177300
   0.0000071400    0.0000031400   -0.0000071900
   0.0000047800   -0.0000055900   -0.0000157500
   0.0000045000    0.0000072200   -0.0000133000
  -0.0044560400   -0.0000008500    0.0016605900
  -0.0056169800   -0.0003718300    0.0035140900
  -0.0000416600    0.0000133100   -0.0000071800
  -0.0000226700    0.0000139100    0.0000079700
   0.0000391200    0.0000131800   -0.0000441900
  -0.0000174600   -0.0000183400    0.0000213500
   0.0000721100   -0.0000846000   -0.0000229100
  -0.0000216000    0.0000060300    0.0000106100
  -0.0000182500   -0.0000153100    0.0000277000
   0.0017113300   -0.0000004200   -0.0107919700
  -0.0000435800    0.0001226600   -0.0000740400
  -0.0000302100   -0.0000692700    0.0000098500
   0.0000352900    0.0001531400   -0.0000057000
   0.0000749300   -0.0001907800   -0.0000590400
  -0.0000136100    0.0000000200   -0.0000015300
   0.0000480700   -0.0000621900   -0.0000476600
  -0.0000093900   -0.0000000800    0.0000002200
   0.0001017700    0.0000463600   -0.0000171000
  -0.0005374600   -0.0021245600    0.0021075600
   0.0001501200   -0.0000639900   -0.0001110100
  -0.0000263500   -0.0000120500    0.0000168100
   0.0000407100    0.0000186800    0.0000081700
  -0.0011153300   -0.0027330800    0.0030313700
  -0.0000332000   -0.0000054900    0.0000202700
  -0.0000079600    0.0000061700    0.0000136900
  -0.0000035600    0.0000060800    0.0000082100
  -0.0000018000   -0.0000229900    0.0000048600

46   
  0.0100000000000000   0.0000000000000000   0.0000000000000000
   0.0000678600    0.0003809300   -0.0001109700
   0.0000514900   -0.0005240000    0.0002885700
  -0.0000286900   -0.0000012600   -0.0000040500
  -0.0000059100   -0.0000181400    0.0000120300
  -0.0000190100    0.0000015700   -0.0000027800
  -0.0000287900    0.0000237400   -0.0000203800
   0.0163176200    0.0000877100   -0.0005772300
  -0.0000575100    0.0000426700    0.0001309300
  -0.0000547200   -0.0000429000   -0.0001611000
   0.0408004700    0.0144262900    0.0289426600
   0.0000432900    0.0000097500    0.0000006600
   0.0007030100   -0.0002585100   -0.0003123600
   0.0001076300   -0.0000991300   -0.0001293100
   0.0000101600    0.0000526500   -0.0000037000
   0.0000015000    0.0000177200    0.0000160400
  -0.0001195700    0.0001406900    0.0000316100
  -0.0000244900   -0.0000029000    0.0000204200
   0.0005903000    0.0009621100   -0.0001463900
  -0.0039617500    0.0000357000   -0.0003564900
  -0.0000699200   -0.0000307100   -0.0000010000
  -0.0000816800    0.0000207300    0.0000185100
  -0.0000228400    0.0000102900   -0.0000248000
  -0.0000211600   -0.0000007100    0.0000239800
  -0.0000364200   -0.0000040300    0.0000122600
   0.0004584600   -0.0026600700    0.0018206400
  -0.0000327900    0.0000031500    0.0000011500
   0.0007280900    0.0025249100   -0.0018129600
   0.0425879900   -0.0156314300   -0.0298885700
   0.0006577700    0.0003450000    0.0006509100
   0.0001092600   -0.0000193300   -0.0000185800
   0.0000303400   -0.0000854400    0.0000113200
   0.0000629400    0.0001198200    0.0001228700
   0.0000045000   -0.0000143700   -0.0000262800
   0.0004472600   -0.0009687700    0.0003095700
  -0.0000084500    0.0000027800   -0.0000216300
  -0.0000836800   -0.0000821000   -0.0000790800
  -0.0008333800    0.0025561100    0.0023714000
  -0.0000034100   -0.0000132300    0.0000054500
   0.0000439500   -0.0000449600    0.0000097300
   0.0000034500   -0.0000182900    0.0000088400
  -0.0000044300    0.0000010100    0.0000055700
  -0.0000082700    0.0000182900   -0.0000008200
   0.0000754100   -0.0000487100    0.0000510000
  -0.0000007700    0.0000182600   -0.0000032400
  -0.0012103800    0.0000445200    0.0006283600
  -0.1120652000    0.0017982400    0.0020770200
  -0.0000361300   -0.0000295700   -0.0000066500
  -0.0000349000    0.0000075400   -0.0000548100
   0.0000321100    0.0000108700   -0.0000837200
   0.0000080800   -0.0000309000    0.0000455800
   0.0000051200   -0.0000002700    0.0000017300
   0.0000320800    0.0000471300   -0.0000363500
   0.0000051000   -0.0000004500   -0.0000021400
   0.0000076600   -0.0000653300    0.0000129200
   0.0013500600   -0.0034377700   -0.0004328500
  -0.0001983800   -0.0001170200   -0.0000484300
   0.0000223400   -0.0000101600   -0.0000001700
   0.0000175300   -0.0000132300   -0.0000194600
   0.0000040400    0.0000005800    0.0000038300
   0.0000102100   -0.0000012000    0.0000031900
   0.0007769100   -0.0034846000    0.0008752700
   0.0000266300   -0.0000107700    0.0000037600
  -0.0002441200   -0.0000868000    0.0000744100
   0.0015769300   -0.0010232700    0.0016995300
  -0.0000033000   -0.0000021100    0.0000002200
   0.0018164500    0.0016800700   -0.0018838500
   0.0000211400   -0.0000524800    0.0000293900
  -0.0000054500    0.0000182100    0.0000015700
  -0.0000013100   -0.0000166400   -0.0000057200
  -0.0000034300    0.0000169800    0.0000157300
   0.0000009200   -0.0000220600   -0.0000150800
   0.0000100900   -0.0000539100    0.0000054900
   0.0062556700    0.0003663900    0.0010024200
   0.0000308300    0.0000050000    0.0000032000
   0.0075916200   -0.0002063700   -0.0012558600
  -0.0000401300    0.0000268400   -0.0000018200
   0.0000282200    0.0000098000    0.0000028600
   0.0000218000   -0.0000106800   -0.0000033400
   0.0000281000   -0.0000091400   -0.0000051200
   0.0000218400    0.0000105300    0.0000102300
  -0.0000397900   -0.0000295200   -0.0000043000
  -0.0011903400   -0.0035970500   -0.0024963700
   0.0001102700    0.0000843400   -0.0000139000
  -0.0000050900    0.0000187200   -0.0000028500
  -0.0000004900    0.0000019200   -0.0000015000
   0.0000045400    0.0000086100   -0.0000141600
  -0.0000065400   -0.0000165700   -0.0000004200
  -0.0013322700   -0.0001099000   -0.0004260400
   0.0000006400   -0.0000138200    0.0000051300
   0.0001300500    0.0000737000   -0.0000865800
   0.0007088300    0.0028760100    0.0003878400
   0.0000309600    0.0000096800    0.0000017000
  -0.0002588800    0.0001086000    0.0000206100
   0.0000142500    0.0000000800   -0.0000064300
   0.0000253300    0.0000046800    0.0000201000
   0.0000022900   -0.0000017500   -0.0000021500
  -0.0001825100    0.0000884300   -0.0000998900
   0.0000301100    0.0000089200   -0.0000021400
   0.0007355000    0.0037239700   -0.0007412100
  -0.0028333300    0.0001527200   -0.0003545700
   0.0000549600   -0.0001475100   -0.0000273000
   0.0000658600    0.0001800300    0.0000330500
  -0.0000847800   -0.0002523700    0.0000661200
  -0.0000814000    0.0002521000   -0.0000593200
   0.0000073400   -0.0000011100    0.0000013400
  -0.0000954400    0.0000748200    0.0000370500
   0.0000112500   -0.0000002100    0.0000010200
  -0.0000751400   -0.0000883300   -0.0000405300

46   
 -0.0100000000000000   0.0000000000000000   0.0000000000000000
  -0.0000787200   -0.0003836900    0.0001117500
  -0.0000431000    0.0005211400   -0.0002902200
   0.0000285500    0.0000011000    0.0000036200
   0.0000061600    0.0000172200   -0.0000119500
   0.0000190000   -0.0000013000    0.0000023400
   0.0000284100   -0.0000246900    0.0000204700
  -0.0163042200    0.0000652200    0.0005226200
   0.0000563500   -0.0000443700   -0.0001295100
   0.0000551700    0.0000410200    0.0001629600
  -0.0398925800   -0.0139521600   -0.0279308400
  -0.0000414500   -0.0000077100   -0.0000007700
  -0.0007443000    0.0002674900    0.0003097200
  -0.0001051600    0.0001013700    0.0001285400
  -0.0000084700   -0.0000527300    0.0000027500
  -0.0000014800   -0.0000181100   -0.0000164200
   0.0001192500   -0.0001395800   -0.0000306900
   0.0000243500    0.0000027500   -0.0000206600
  -0.0006014400   -0.0009686500    0.0001544000
   0.0039552800    0.0000045700    0.0003381900
   0.0000684200    0.0000299000   -0.0000011700
   0.0000819600   -0.0000211600   -0.0000202600
   0.0000229100   -0.0000099700    0.0000242400
   0.0000208500    0.0000010000   -0.0000244700
   0.0000361700    0.0000029700   -0.0000122000
  -0.0004212300    0.0026187000   -0.0018123500
   0.0000326500   -0.0000028500   -0.0000016400
  -0.0007697300   -0.0025605000    0.0018164100
  -0.0435691100    0.0161914800    0.0310440300
  -0.0006217200   -0.0003358600   -0.0006509700
  -0.0001122100    0.0000215500    0.0000190300
  -0.0000320700    0.0000860800   -0.0000119600
  -0.0000660700   -0.0001187000   -0.0001223100
  -0.0000046000    0.0000144000    0.0000258000
  -0.0004369200    0.0009616200   -0.0003003500
   0.0000082800   -0.0000031400    0.0000215500
   0.0000842500    0.0000828600    0.0000803600
   0.0008109100   -0.0024924800   -0.0023331200
   0.0000030900    0.0000126100   -0.0000053200
  -0.0000389700    0.0000452600   -0.0000064100
  -0.0000033500    0.0000176400   -0.0000090700
   0.0000041600   -0.0000010300   -0.0000054300
   0.0000080200   -0.0000176200    0.0000009500
  -0.0000741700    0.0000472200   -0.0000462800
   0.0000012100   -0.0000186500    0.0000030900
   0.0012198000   -0.0000457400   -0.0006402000
   0.1121801500   -0.0031535000   -0.0042848400
   0.0000353200    0.0000293700    0.0000111700
   0.0000365600   -0.0000074500    0.0000598800
  -0.0000324500   -0.0000086100    0.0000866100
  -0.0000073600    0.0000336300   -0.0000428000
  -0.0000051800    0.0000003900   -0.0000015800
  -0.0000324600   -0.0000462900    0.0000364500
  -0.0000052100    0.0000002100    0.0000019500
  -0.0000077900    0.0000662000   -0.0000131800
  -0.0013475000    0.0034698400    0.0004359800
   0.0001936800    0.0001152300    0.0000501200
  -0.0000227400    0.0000103000    0.0000003500
  -0.0000173400    0.0000133200    0.0000196300
  -0.0000040500   -0.0000003000   -0.0000040900
  -0.0000104100    0.0000011800   -0.0000033700
  -0.0007901900    0.0034672500   -0.0008806500
  -0.0000264200    0.0000103200   -0.0000038200
   0.0002460700    0.0000887700   -0.0000753400
  -0.0015787200    0.0010424400   -0.0016897900
   0.0000033600    0.0000021600   -0.0000001600
  -0.0018158700   -0.0016666800    0.0018961500
  -0.0000206400    0.0000485800   -0.0000240200
   0.0000051900   -0.0000177600   -0.0000015700
   0.0000013700    0.0000170000    0.0000055800
   0.0000031800   -0.0000167100   -0.0000157900
  -0.0000008300    0.0000224300    0.0000150200
  -0.0000101100    0.0000549200   -0.0000045500
  -0.0060895400   -0.0003639200   -0.0009725700
  -0.0000308200   -0.0000057200   -0.0000030200
  -0.0077820700    0.0002037500    0.0012834900
   0.0000398100   -0.0000251700    0.0000040000
  -0.0000280200   -0.0000094000   -0.0000026200
  -0.0000220400    0.0000109100    0.0000035500
  -0.0000281500    0.0000091200    0.0000055100
  -0.0000220200   -0.0000106100   -0.0000098900
   0.0000401700    0.0000318300    0.0000027500
   0.0012201700    0.0036762200    0.0025310300
  -0.0001146100   -0.0000836800    0.0000189200
   0.0000053100   -0.0000194500    0.0000028900
   0.0000004800   -0.0000020900    0.0000015400
  -0.0000047000   -0.0000090700    0.0000139700
   0.0000065100    0.0000170200    0.0000005600
   0.0013147900    0.0001085500    0.0004072900
  -0.0000010400    0.0000135300   -0.0000052400
  -0.0001320700   -0.0000753900    0.0000919700
  -0.0007139100   -0.0028449000   -0.0003769000
  -0.0000304400   -0.0000097300   -0.0000013600
   0.0002653800   -0.0001101700   -0.0000189300
  -0.0000143700    0.0000000100    0.0000064700
  -0.0000256600   -0.0000045200   -0.0000197800
  -0.0000022500    0.0000018200    0.0000021200
   0.0001805700   -0.0000860500    0.0000983500
  -0.0000305500   -0.0000093800    0.0000020900
  -0.0007194300   -0.0037413900    0.0007341000
   0.0028294400   -0.0001536400    0.0002815800
  -0.0000557900    0.0001458700    0.0000270700
  -0.0000653800   -0.0001819000   -0.0000334500
   0.0000858700    0.0002533300   -0.0000660200
   0.0000794700   -0.0002507300    0.0000589400
  -0.0000074000    0.0000012400   -0.0000012400
   0.0000937500   -0.0000749200   -0.0000377100
  -0.0000113700    0.0000000300   -0.0000008900
   0.0000762200    0.0000879100    0.0000398200

46   
  0.0000000000000000   0.0000000000000000   0.0100000000000000
  -0.0000662400    0.0000922500    0.0009350000
   0.0001447800    0.0000484700    0.0008866600
   0.0000003700   -0.0000163800    0.0000013300
   0.0000240900    0.0000713600    0.0000126700
  -0.0000076900   -0.0000205400    0.0000024300
  -0.0000397900    0.0000736500   -0.0000021200
  -0.0002996100   -0.0322378000    0.0457179400
  -0.0000803500    0.0001030000   -0.0000444300
   0.0000779100    0.0001049300   -0.0000826900
   0.0277688800    0.0163784000    0.0457178500
  -0.0000497300   -0.0000565100    0.0000126700
  -0.0001129700    0.0000113000    0.0009350000
  -0.0000518800   -0.0001198900   -0.0000827000
  -0.0000836600   -0.0000023100   -0.0000021200
   0.0000143900    0.0000079000    0.0000013300
  -0.0001293500    0.0000181400   -0.0000444300
   0.0000139800    0.0000169900    0.0000024300
   0.0000304300   -0.0001495800    0.0008866500
  -0.0001038200    0.0007556400    0.0024706900
   0.0000632000    0.0000351100    0.0000950500
  -0.0000330500    0.0000191300    0.0000350900
  -0.0000041300   -0.0000049200    0.0000155300
   0.0000079700   -0.0000045700    0.0000076900
   0.0000012200   -0.0000722300    0.0000950400
   0.0003410700   -0.0001968800    0.0019367000
   0.0000022300    0.0000060900    0.0000155300
  -0.0007062900   -0.0002878600    0.0024706800
  -0.0317144300    0.0183103900    0.0465831500
   0.0000121900    0.0000976200    0.0009294300
   0.0000442200   -0.0000669700   -0.0000189400
   0.0000801300   -0.0000047800   -0.0000189400
   0.0000925700   -0.0001141600   -0.0000891300
  -0.0000098800    0.0000057400    0.0000034000
  -0.0000784100   -0.0000593200    0.0009294400
  -0.0000103700    0.0000060200   -0.0000056800
   0.0001451900   -0.0000230500   -0.0000891500
  -0.0002550200    0.0015975100    0.0002918400
  -0.0000000400    0.0000174400    0.0000074800
  -0.0000735100    0.0000424600   -0.0003432900
   0.0000010700    0.0000069900    0.0000188600
   0.0000027600   -0.0000015600    0.0000118100
  -0.0000151100   -0.0000086500    0.0000074700
   0.0000617000   -0.0000355900   -0.0002140700
  -0.0000055000   -0.0000043700    0.0000188600
  -0.0015109600   -0.0005778600    0.0002918400
   0.0032451700   -0.0018770500   -0.1443518000
  -0.0000590500    0.0000649900   -0.0003060600
  -0.0000073000    0.0000364200   -0.0003064900
  -0.0000351300   -0.0000118300   -0.0003064800
   0.0000117800   -0.0000447500   -0.0003158400
  -0.0000020500    0.0000012100    0.0000037600
  -0.0000857500    0.0000187100   -0.0003060600
   0.0000016800   -0.0000009400    0.0000037300
   0.0000446800    0.0000122200   -0.0003158300
   0.0008369600   -0.0009962700   -0.0035751000
   0.0000763400    0.0000398100    0.0000109200
  -0.0000059400    0.0000081300   -0.0000173000
  -0.0000226100   -0.0000095500    0.0000021400
   0.0000030700   -0.0000023700   -0.0000167300
   0.0000091900   -0.0000007500   -0.0000271500
  -0.0001120900    0.0010794900   -0.0041065800
   0.0000002600    0.0000035500   -0.0000266000
  -0.0000454100   -0.0000303800    0.0000085300
   0.0016149300   -0.0012927500    0.0002885500
  -0.0000013600   -0.0000009700    0.0000111200
  -0.0019420200   -0.0016871500    0.0004627000
  -0.0000003500   -0.0000026800   -0.0002877600
   0.0000160900   -0.0000073100    0.0000051200
  -0.0000167000   -0.0000088700    0.0000148700
  -0.0000008400   -0.0000033400    0.0000059600
  -0.0000051900   -0.0000035500    0.0000120200
   0.0000634100   -0.0001620100   -0.0003364100
  -0.0009908900   -0.0004425800   -0.0041065800
  -0.0000030100    0.0000243400    0.0000021500
   0.0012812900   -0.0002266200   -0.0035751100
   0.0000036200    0.0000545600    0.0000085300
   0.0000052900   -0.0000075400   -0.0000271500
  -0.0000099800    0.0000011400   -0.0000172900
  -0.0000029200   -0.0000019500   -0.0000266000
   0.0000036100   -0.0000014200   -0.0000167300
   0.0000037100   -0.0000859700    0.0000109300
   0.0004901400    0.0025254400    0.0004627100
   0.0001720400    0.0000261400   -0.0003364100
  -0.0000006400    0.0000189400    0.0000148800
   0.0000001900    0.0000017100    0.0000111200
   0.0000005100    0.0000063200    0.0000120300
   0.0000144000   -0.0000102200    0.0000051200
   0.0019270400   -0.0007521400    0.0002885500
   0.0000025000    0.0000024500    0.0000059600
   0.0000021800    0.0000016900   -0.0002877500
  -0.0006786600   -0.0008251600   -0.0040242000
  -0.0000062400    0.0000153000   -0.0000319600
  -0.0001155000    0.0000667100    0.0000054200
  -0.0000007800   -0.0000016900   -0.0000285600
   0.0000229900   -0.0000132500    0.0000024500
  -0.0000163400   -0.0000021900   -0.0000319700
   0.0000498100   -0.0000287200    0.0000364100
   0.0000011000    0.0000015700   -0.0000285600
   0.0003753000    0.0010003600   -0.0040242000
   0.0003916300   -0.0002260200    0.0189747200
  -0.0000127900    0.0000512600    0.0000235500
   0.0000124600    0.0000282000    0.0000188300
  -0.0000181600   -0.0000248500    0.0000188400
   0.0000145200   -0.0000634400    0.0000526500
  -0.0000013200    0.0000008000   -0.0000018600
  -0.0000507700   -0.0000145100    0.0000235600
   0.0000011500   -0.0000006400   -0.0000031900
   0.0000622200    0.0000191900    0.0000526400

46   
  0.0000000000000000   0.0000000000000000  -0.0100000000000000
   0.0000480400   -0.0000522700   -0.0009274700
  -0.0001265500   -0.0000118200   -0.0008765700
  -0.0000005800    0.0000154500   -0.0000010300
  -0.0000245700   -0.0000702300   -0.0000104600
   0.0000075600    0.0000205200   -0.0000023000
   0.0000400800   -0.0000724600    0.0000045900
   0.0002895800    0.0311450500   -0.0449153800
   0.0000796300   -0.0000995600    0.0000440100
  -0.0000774800   -0.0001007500    0.0000825700
  -0.0268275000   -0.0158232600   -0.0449153100
   0.0000485300    0.0000563700   -0.0000104500
   0.0000692900   -0.0000154700   -0.0009274900
   0.0000485000    0.0001174600    0.0000825700
   0.0000827800    0.0000015200    0.0000046000
  -0.0000136900   -0.0000072400   -0.0000010400
   0.0001260300   -0.0000191900    0.0000440100
  -0.0000139900   -0.0000168100   -0.0000023100
  -0.0000530500    0.0001155000   -0.0008765700
   0.0001061300   -0.0007951500   -0.0024630500
  -0.0000624200   -0.0000346500   -0.0000909200
   0.0000326400   -0.0000188500   -0.0000314700
   0.0000039000    0.0000048100   -0.0000149800
  -0.0000075400    0.0000043500   -0.0000072000
  -0.0000012100    0.0000713700   -0.0000909200
  -0.0003756200    0.0002168700   -0.0019328200
  -0.0000022300   -0.0000057800   -0.0000149800
   0.0007416700    0.0003056700   -0.0024630600
   0.0306089200   -0.0176720600   -0.0457169700
   0.0000265900   -0.0000985800   -0.0009233700
  -0.0000425200    0.0000669800    0.0000208700
  -0.0000792700    0.0000033200    0.0000208700
  -0.0000886400    0.0001116300    0.0000873000
   0.0000092900   -0.0000053600   -0.0000031600
   0.0000986600    0.0000262500   -0.0009233700
   0.0000105100   -0.0000060700    0.0000056900
  -0.0001410100    0.0000209400    0.0000872900
   0.0002595300   -0.0016178900   -0.0002891100
   0.0000003100   -0.0000170800   -0.0000078500
   0.0000734900   -0.0000424400    0.0003410200
  -0.0000010100   -0.0000068300   -0.0000188600
  -0.0000027500    0.0000015800   -0.0000121500
   0.0000149400    0.0000082500   -0.0000078600
  -0.0000560700    0.0000323600    0.0002172600
   0.0000053900    0.0000042700   -0.0000188600
   0.0015308900    0.0005841600   -0.0002891100
  -0.0031141200    0.0017985600    0.1416642800
   0.0000555100   -0.0000656000    0.0003007800
   0.0000104500   -0.0000374500    0.0003003700
   0.0000376300    0.0000096500    0.0003003400
  -0.0000143400    0.0000422100    0.0003098000
   0.0000020200   -0.0000011700   -0.0000042900
   0.0000845400   -0.0000153000    0.0003007900
  -0.0000016500    0.0000009500   -0.0000043300
  -0.0000437200   -0.0000087000    0.0003098000
  -0.0008330100    0.0009707700    0.0035459100
  -0.0000792200   -0.0000433000   -0.0000115300
   0.0000062200   -0.0000080900    0.0000161300
   0.0000225500    0.0000094600   -0.0000032500
  -0.0000033100    0.0000018900    0.0000166900
  -0.0000090400    0.0000009400    0.0000258300
   0.0001064200   -0.0010740200    0.0040663600
  -0.0000008100   -0.0000034300    0.0000263800
   0.0000460600    0.0000305500   -0.0000138600
  -0.0016242900    0.0013009700   -0.0002831000
   0.0000013500    0.0000007600   -0.0000114000
   0.0019535700    0.0017022900   -0.0004555500
   0.0000005300    0.0000083600    0.0002879800
  -0.0000156700    0.0000074700   -0.0000057900
   0.0000162700    0.0000090100   -0.0000153800
   0.0000009300    0.0000033800   -0.0000061000
   0.0000050600    0.0000035600   -0.0000121400
  -0.0000631600    0.0001607100    0.0003320800
   0.0009833300    0.0004448000    0.0040663800
   0.0000030600   -0.0000242100   -0.0000032600
  -0.0012572100    0.0002360000    0.0035458900
  -0.0000034400   -0.0000551700   -0.0000138600
  -0.0000053200    0.0000073500    0.0000258300
   0.0000101000   -0.0000013400    0.0000161300
   0.0000025500    0.0000024200    0.0000263800
  -0.0000033100    0.0000019200    0.0000166800
  -0.0000021300    0.0000902500   -0.0000115400
  -0.0004974700   -0.0025429800   -0.0004555700
  -0.0001707600   -0.0000256700    0.0003320700
   0.0000003300   -0.0000186000   -0.0000153800
   0.0000000100   -0.0000015600   -0.0000113700
  -0.0000005600   -0.0000061700   -0.0000121400
  -0.0000143100    0.0000098300   -0.0000058000
  -0.0019388200    0.0007561800   -0.0002831000
  -0.0000024700   -0.0000025000   -0.0000060900
  -0.0000069900   -0.0000046500    0.0002879900
   0.0006774900    0.0008094200    0.0039832600
   0.0000059200   -0.0000150200    0.0000305200
   0.0001198000   -0.0000691800   -0.0000064500
   0.0000010100    0.0000013100    0.0000281700
  -0.0000228200    0.0000131600   -0.0000038500
   0.0000159700    0.0000023800    0.0000305100
  -0.0000503800    0.0000290800   -0.0000419600
  -0.0000006300   -0.0000015400    0.0000281700
  -0.0003622400   -0.0009914500    0.0039832700
  -0.0003850600    0.0002223400   -0.0185869300
   0.0000119400   -0.0000511200   -0.0000226200
  -0.0000117700   -0.0000284700   -0.0000174100
   0.0000187700    0.0000244100   -0.0000174200
  -0.0000154900    0.0000620500   -0.0000505400
   0.0000013500   -0.0000007800    0.0000014400
   0.0000502400    0.0000152000   -0.0000226300
  -0.0000011300    0.0000006400    0.0000028100
  -0.0000615000   -0.0000176200   -0.0000505400

64   
  0.0100000000000000   0.0000000000000000   0.0000000000000000
  -0.0000789600    0.0000117400   -0.0000135000
  -0.0043357600   -0.0001139800   -0.0000866900
  -0.0000902900   -0.0000231000    0.0000473400
  -0.0000405100    0.0000027500    0.0000075400
  -0.0000272100    0.0000097300    0.0000209000
  -0.0000119200   -0.0000048400   -0.0000234500
   0.0003654900    0.0026718300    0.0018316500
   0.0007356400   -0.0027788100   -0.0016683400
  -0.0000363500   -0.0000035600    0.0000006000
   0.0414567100   -0.0147572600    0.0294816300
   0.0005624700    0.0002793200   -0.0003892300
   0.0000393400   -0.0000140300    0.0000076100
   0.0000413600   -0.0000172100   -0.0000023300
   0.0000997900    0.0001256300   -0.0001076800
   0.0000006500   -0.0000185700    0.0000206400
   0.0006323100   -0.0011824600   -0.0003529600
  -0.0000314600    0.0000054700    0.0000229500
  -0.0001007700   -0.0001650300    0.0000403500
   0.0000938300    0.0005701000    0.0003284700
   0.0001101400   -0.0004843500   -0.0001123700
  -0.0000343500   -0.0000017700    0.0000038400
  -0.0000211900   -0.0000172400   -0.0000334800
  -0.0000209400    0.0000057200    0.0000003400
   0.0000106100    0.0000204600    0.0000176800
   0.0158156800   -0.0006715400   -0.0002523500
  -0.0000438700    0.0000775100   -0.0001391800
  -0.0001103200   -0.0000519500    0.0001512400
   0.0004526100   -0.0003937800    0.0005664900
   0.0446049000    0.0169640500   -0.0312268700
   0.0000997700    0.0000224800   -0.0000089000
   0.0000052300    0.0000127900   -0.0000169300
   0.0000402700   -0.0000880000    0.0001260700
   0.0000295800    0.0000700900    0.0000076500
   0.0004493600    0.0009888300    0.0003161000
  -0.0000840800    0.0000812100   -0.0001093900
  -0.0000135100   -0.0000014600   -0.0000183800
   0.0010516500   -0.0034715500    0.0001938900
  -0.0002110600   -0.0000872300    0.0000147000
   0.0000340600   -0.0000130600   -0.0000044600
   0.0000197700   -0.0000238400    0.0000155900
   0.0000072200    0.0000110800   -0.0000042300
  -0.0000019400   -0.0000020900   -0.0000064300
   0.0009627800   -0.0040906700   -0.0006205800
   0.0000489000   -0.0000133400   -0.0000006100
  -0.0001708500   -0.0000359500   -0.0000987800
   0.0015770800    0.0015728200    0.0016151400
   0.0018164500   -0.0018855200   -0.0019537000
  -0.0000035200    0.0000005000   -0.0000014000
  -0.0000033600   -0.0000158600   -0.0000008300
   0.0000099300    0.0000243400    0.0000605600
   0.0000007600    0.0000068900   -0.0000050700
   0.0000206700    0.0000113900   -0.0000008700
  -0.0000015100    0.0000215800   -0.0000164100
  -0.0000053400   -0.0000159000    0.0000158500
   0.0000986400   -0.0000939000   -0.0000071700
  -0.0014098100    0.0035664300   -0.0024578800
  -0.0000090700   -0.0000168300   -0.0000056900
   0.0000013500    0.0000143500   -0.0000034500
  -0.0000013600   -0.0000169300   -0.0000158500
  -0.0000021700   -0.0000029100   -0.0000014800
  -0.0008534300    0.0003753200   -0.0003034700
   0.0000879200   -0.0001003300   -0.0001115600
  -0.0000048400    0.0000176700    0.0000016300
  -0.1140037900   -0.0005888400    0.0033207900
  -0.0000021700   -0.0000212700   -0.0000462400
  -0.0000014400    0.0000225300    0.0000092900
   0.0000040900    0.0000247000    0.0000670600
   0.0000193800    0.0000119200   -0.0000803500
   0.0000067000   -0.0000021700    0.0000002300
   0.0000041700    0.0000886500    0.0000597900
   0.0000067500   -0.0000024200   -0.0000015200
   0.0000194000   -0.0000324100   -0.0000244900
  -0.0028301500   -0.0001538000   -0.0003526700
   0.0000549700   -0.0001624000    0.0000125500
   0.0000657300    0.0001647200   -0.0000119700
  -0.0000749700   -0.0002532500   -0.0000614500
  -0.0000954600    0.0002339400    0.0000505600
   0.0000112000    0.0000001900   -0.0000011900
  -0.0000813100    0.0000908600   -0.0000146300
   0.0000072500    0.0000011700    0.0000012600
  -0.0000847100   -0.0000939500    0.0000187600
  -0.0002213200    0.0001533100   -0.0000432000
   0.0013703400    0.0033376900   -0.0004464500
   0.0000319500    0.0000073100   -0.0000009000
   0.0000074900   -0.0000072700    0.0000053400
   0.0000094400   -0.0000054300    0.0000060400
   0.0000140700    0.0000103500   -0.0000179000
   0.0008591800    0.0034381100    0.0009646400
  -0.0002507600    0.0001412600    0.0000486800
   0.0000420300    0.0000125200   -0.0000004900
  -0.0009835500   -0.0029023600    0.0017993600
   0.0000737500    0.0000310400   -0.0000321700
   0.0000081300    0.0000152200    0.0000026000
  -0.0000017300   -0.0000014100    0.0000000900
  -0.0000029800    0.0000194500    0.0000128100
  -0.0000051000   -0.0000220500   -0.0000019300
  -0.0012668900   -0.0001087700    0.0004044700
   0.0000034400   -0.0000247300   -0.0000090300
   0.0000825200    0.0000278900    0.0000527200
   0.0059103300   -0.0004794800    0.0008904900
   0.0075365700    0.0001800600   -0.0012356100
   0.0000329500    0.0000003900    0.0000016100
   0.0000294200   -0.0000197400    0.0000029100
  -0.0000111700   -0.0000302600   -0.0000615800
   0.0000322800    0.0000189300   -0.0000074400
  -0.0000108900   -0.0000004500   -0.0000136300
   0.0000322000   -0.0000070300    0.0000110200
   0.0000295100    0.0000201000   -0.0000127100

64   
 -0.0100000000000000   0.0000000000000000   0.0000000000000000
   0.0000797900   -0.0000123800    0.0000151700
   0.0043447900    0.0001583200    0.0000987100
   0.0000898800    0.0000227800   -0.0000460500
   0.0000407000   -0.0000038000   -0.0000074900
   0.0000275000   -0.0000093600   -0.0000205000
   0.0000118300    0.0000052800    0.0000239300
  -0.0004030400   -0.0027123500   -0.0018387800
  -0.0006908400    0.0027403900    0.0016632500
   0.0000364800    0.0000040000   -0.0000001900
  -0.0424006900    0.0152500600   -0.0305474100
  -0.0005243200   -0.0002706000    0.0003894100
  -0.0000410300    0.0000161500   -0.0000076300
  -0.0000430900    0.0000171300    0.0000028300
  -0.0001027400   -0.0001237600    0.0001076300
  -0.0000005600    0.0000182700   -0.0000203100
  -0.0006203200    0.0011742700    0.0003423200
   0.0000316600   -0.0000056200   -0.0000229100
   0.0001015800    0.0001661500   -0.0000417200
  -0.0001044100   -0.0005746700   -0.0003335800
  -0.0001003200    0.0004785300    0.0001102900
   0.0000344400    0.0000018800   -0.0000035800
   0.0000216900    0.0000163400    0.0000331800
   0.0000210100   -0.0000054700   -0.0000000900
  -0.0000108500   -0.0000213200   -0.0000180500
  -0.0158267800    0.0008314700    0.0003137200
   0.0000432500   -0.0000785200    0.0001372700
   0.0001124200    0.0000502400   -0.0001528600
  -0.0004868800    0.0004051600   -0.0005685500
  -0.0436009000   -0.0163902900    0.0300467900
  -0.0000972100   -0.0000204400    0.0000084200
  -0.0000051500   -0.0000126600    0.0000172600
  -0.0000368100    0.0000888000   -0.0001266200
  -0.0000280800   -0.0000694100   -0.0000070900
  -0.0004615000   -0.0009968900   -0.0003252700
   0.0000830600   -0.0000801700    0.0001076000
   0.0000136500    0.0000012400    0.0000183800
  -0.0010455300    0.0035101000   -0.0001931600
   0.0002059500    0.0000865500   -0.0000154300
  -0.0000344800    0.0000132000    0.0000042800
  -0.0000194900    0.0000242400   -0.0000155800
  -0.0000069800   -0.0000109700    0.0000043100
   0.0000018800    0.0000022800    0.0000065800
  -0.0009797500    0.0040740800    0.0006330400
  -0.0000484900    0.0000129200    0.0000009300
   0.0001729800    0.0000376100    0.0001002700
  -0.0015783400   -0.0015591000   -0.0016242900
  -0.0018156400    0.0018984300    0.0019421800
   0.0000034500   -0.0000002500    0.0000013300
   0.0000035400    0.0000162500    0.0000009800
  -0.0000100000   -0.0000255600   -0.0000659900
  -0.0000007100   -0.0000065200    0.0000052200
  -0.0000208300   -0.0000105200    0.0000000300
   0.0000014700   -0.0000210800    0.0000165900
   0.0000056100    0.0000162700   -0.0000158700
  -0.0000946600    0.0000947500    0.0000028700
   0.0013796100   -0.0034882400    0.0024257600
   0.0000088800    0.0000164100    0.0000056400
  -0.0000014200   -0.0000137900    0.0000033000
   0.0000015200    0.0000167200    0.0000161500
   0.0000021500    0.0000028700    0.0000014100
   0.0008705500   -0.0003762300    0.0003227800
  -0.0000856600    0.0000971800    0.0001047500
   0.0000052100   -0.0000178200   -0.0000014100
   0.1138982200   -0.0008261600   -0.0010546800
   0.0000011300    0.0000210400    0.0000416300
   0.0000018100   -0.0000228300   -0.0000138300
  -0.0000046800   -0.0000222600   -0.0000692600
  -0.0000187700   -0.0000094900    0.0000780900
  -0.0000066700    0.0000024700   -0.0000003000
  -0.0000046300   -0.0000870600   -0.0000589900
  -0.0000066100    0.0000022300    0.0000017200
  -0.0000187600    0.0000338600    0.0000248700
   0.0028318400    0.0001528800    0.0004240700
  -0.0000554900    0.0001605300   -0.0000122400
  -0.0000652300   -0.0001666400    0.0000122800
   0.0000766800    0.0002550800    0.0000622800
   0.0000940300   -0.0002326500   -0.0000504700
  -0.0000111600   -0.0000000500    0.0000010600
   0.0000798500   -0.0000908600    0.0000153600
  -0.0000072000   -0.0000011800   -0.0000014200
   0.0000862500    0.0000936800   -0.0000181800
   0.0002274500   -0.0001550700    0.0000419600
  -0.0013756600   -0.0033073900    0.0004456000
  -0.0000316200   -0.0000072600    0.0000007900
  -0.0000073300    0.0000074300   -0.0000053200
  -0.0000094800    0.0000057700   -0.0000059900
  -0.0000142100   -0.0000101400    0.0000177500
  -0.0008492900   -0.0034552000   -0.0009620700
   0.0002484300   -0.0001379900   -0.0000476600
  -0.0000423400   -0.0000129200    0.0000006500
   0.0010137600    0.0029730600   -0.0018226800
  -0.0000771400   -0.0000307600    0.0000282400
  -0.0000079500   -0.0000157100   -0.0000027800
   0.0000019500    0.0000015200   -0.0000001600
   0.0000029400   -0.0000197600   -0.0000126100
   0.0000052900    0.0000228400    0.0000017900
   0.0012543200    0.0001096100   -0.0003907400
  -0.0000037400    0.0000244100    0.0000092200
  -0.0000838700   -0.0000294500   -0.0000589300
  -0.0060720100    0.0004835200   -0.0009196300
  -0.0073448300   -0.0001802300    0.0012076100
  -0.0000329400   -0.0000010000   -0.0000017500
  -0.0000295300    0.0000203400   -0.0000031900
   0.0000107100    0.0000316400    0.0000602000
  -0.0000319900   -0.0000184800    0.0000072400
   0.0000110200    0.0000031900    0.0000153800
  -0.0000320700    0.0000071200   -0.0000114300
  -0.0000294600   -0.0000201400    0.0000123900

64   
  0.0000000000000000   0.0000000000000000   0.0100000000000000
   0.0000167700   -0.0000350900    0.0000682900
  -0.0002029200   -0.0007784000    0.0024504300
  -0.0000268400   -0.0000155100    0.0000403200
  -0.0000220000    0.0000320600    0.0000682900
   0.0000159500    0.0000092000    0.0000046500
  -0.0000050500    0.0000041800    0.0000112600
   0.0007623000    0.0004401200    0.0019711100
  -0.0007755700    0.0002134500    0.0024504400
   0.0000010900   -0.0000064800    0.0000112600
   0.0277090600   -0.0164061600    0.0446792700
  -0.0001013600   -0.0000409800    0.0008328600
  -0.0000535000    0.0000553200   -0.0000000300
  -0.0000677100   -0.0000140300   -0.0000119100
  -0.0000137800    0.0000960700   -0.0000632400
   0.0000157500   -0.0000121700    0.0000043200
  -0.0000391300   -0.0002784900    0.0006565600
   0.0000147600   -0.0000105600   -0.0000019700
  -0.0000824700   -0.0000274100   -0.0000386200
  -0.0002607300    0.0001053400    0.0006565500
  -0.0000861700   -0.0000673000    0.0008328500
  -0.0000026500    0.0000197200    0.0000043200
  -0.0000460000   -0.0000516200   -0.0000119000
  -0.0000017600    0.0000180500   -0.0000019600
   0.0000211600   -0.0000739900   -0.0000000400
  -0.0003536200    0.0321997300    0.0446792500
   0.0000763000   -0.0000599800   -0.0000632400
  -0.0000649600   -0.0000577200   -0.0000386200
  -0.0000287400   -0.0000136500    0.0007962600
  -0.0306605300   -0.0177018500    0.0457499900
   0.0000413800    0.0000579200   -0.0000187600
  -0.0000074200   -0.0000042800    0.0000034800
   0.0000688700    0.0000990300   -0.0001077900
   0.0000708400    0.0000068700   -0.0000187600
  -0.0000262100   -0.0000180800    0.0007962900
   0.0001202100    0.0000101300   -0.0001077900
  -0.0000138600   -0.0000080000   -0.0000103300
  -0.0007377200    0.0011916400   -0.0034375300
  -0.0001017100   -0.0000587300    0.0000603700
  -0.0000034900   -0.0000170000   -0.0000253000
   0.0000179100    0.0000103400    0.0000103500
  -0.0000017600    0.0000104000   -0.0000192800
  -0.0000164600    0.0000054700   -0.0000253000
   0.0006631800   -0.0012347200   -0.0034375200
   0.0000081400   -0.0000067300   -0.0000192800
   0.0000479000    0.0000276400    0.0000347900
   0.0017004900    0.0014664000    0.0002830600
  -0.0018965400    0.0018191000    0.0004559300
   0.0000001800    0.0000017100    0.0000112300
   0.0000155700    0.0000032200    0.0000061800
   0.0000051300    0.0000245600   -0.0003344100
  -0.0000148800    0.0000076600    0.0000121400
   0.0000257000    0.0001182600   -0.0002859100
  -0.0000056700    0.0000001500    0.0000150300
   0.0000015300    0.0000015100    0.0000054100
   0.0001152800   -0.0000368700   -0.0002859000
   0.0006271200   -0.0025520300    0.0004559200
  -0.0000008000   -0.0000167300    0.0000121400
   0.0000105800    0.0000118700    0.0000061700
  -0.0000027000   -0.0000050000    0.0000150300
   0.0000015700   -0.0000007000    0.0000112200
   0.0021201900    0.0007394400    0.0002830600
   0.0000238400   -0.0000078400   -0.0003344100
   0.0000020700    0.0000005600    0.0000054000
   0.0021398900    0.0012361700   -0.1421915700
   0.0000101300   -0.0000356100   -0.0003035300
  -0.0000421900   -0.0000664200   -0.0003038200
   0.0000610200    0.0000421900   -0.0002556100
  -0.0000258000    0.0000265600   -0.0003034700
  -0.0000016100   -0.0000009400    0.0000062600
   0.0000670500    0.0000317300   -0.0002555900
   0.0000002400    0.0000001300    0.0000063100
  -0.0000786200   -0.0000033200   -0.0003038100
   0.0003142000    0.0001813900    0.0185861900
   0.0000268300   -0.0000590500    0.0000219800
  -0.0000325800   -0.0000573600    0.0000172600
   0.0000407300    0.0000449400    0.0000508300
  -0.0000377200    0.0000527500    0.0000219900
  -0.0000009500   -0.0000005600   -0.0000029300
   0.0000592800    0.0000128100    0.0000508400
  -0.0000013200   -0.0000007600   -0.0000016200
  -0.0000659700    0.0000004600    0.0000172500
   0.0001111000    0.0000055100    0.0000311400
   0.0007738700    0.0009502300   -0.0036096600
  -0.0000053800   -0.0000099100   -0.0000191800
   0.0000118600    0.0000076800   -0.0000296600
   0.0000066000    0.0000044700   -0.0000196600
  -0.0000193900    0.0000092800    0.0000065600
   0.0000628300   -0.0010766900   -0.0037065900
  -0.0000285400    0.0000330200    0.0000331200
   0.0000025600   -0.0000048800   -0.0000301300
  -0.0003023400   -0.0021028300    0.0003390100
  -0.0000486100   -0.0000280600   -0.0003119200
   0.0000086000   -0.0000182400    0.0000087900
   0.0000034800    0.0000020100    0.0000090600
   0.0000001800   -0.0000051300    0.0000132100
  -0.0000114900    0.0000165700    0.0000087800
  -0.0019722600    0.0007895600    0.0003390000
  -0.0000043400    0.0000027200    0.0000132100
  -0.0000048600   -0.0000028200   -0.0003398900
  -0.0009010000    0.0005927700   -0.0037064900
   0.0012098700    0.0001950600   -0.0036094800
  -0.0000016400   -0.0000214600    0.0000065100
   0.0000125900    0.0000064100   -0.0000296600
   0.0000143300   -0.0000412300    0.0000331200
  -0.0000112700    0.0000002900   -0.0000191700
   0.0000603200    0.0000934500    0.0000311400
   0.0000071800    0.0000034700   -0.0000196600
  -0.0000029400    0.0000046500   -0.0000301300

64   
  0.0000000000000000   0.0000000000000000  -0.0100000000000000
  -0.0000170000    0.0000354500   -0.0000722700
   0.0001968800    0.0007397000   -0.0024549800
   0.0000272500    0.0000157400   -0.0000433700
   0.0000221900   -0.0000324500   -0.0000722700
  -0.0000161900   -0.0000093500   -0.0000052400
   0.0000053200   -0.0000043500   -0.0000118600
  -0.0007324100   -0.0004228600   -0.0019777500
   0.0007390400   -0.0001993500   -0.0024549800
  -0.0000011100    0.0000067700   -0.0000118600
  -0.0286931600    0.0169700300   -0.0455119500
   0.0001447200    0.0000374600   -0.0008405300
   0.0000549900   -0.0000553600   -0.0000021600
   0.0000683600    0.0000135300    0.0000089400
   0.0000171400   -0.0000990400    0.0000630400
  -0.0000166400    0.0000126600   -0.0000046300
   0.0000653400    0.0002446700   -0.0006674700
  -0.0000147100    0.0000106700    0.0000019400
   0.0000856300    0.0000254100    0.0000390400
   0.0002445600   -0.0000657500   -0.0006674700
   0.0001048200    0.0001066100   -0.0008405400
   0.0000026500   -0.0000207300   -0.0000046300
   0.0000458900    0.0000524300    0.0000089400
   0.0000018900   -0.0000180800    0.0000019400
  -0.0000204500    0.0000753000   -0.0000021600
   0.0003499200   -0.0333339000   -0.0455118900
  -0.0000772200    0.0000643600    0.0000630300
   0.0000648300    0.0000614600    0.0000390400
  -0.0000121800    0.0000118200   -0.0008008300
   0.0317821300    0.0183494100   -0.0466426100
  -0.0000430700   -0.0000576700    0.0000171300
   0.0000079700    0.0000046000   -0.0000038900
  -0.0000734300   -0.0001007800    0.0001089700
  -0.0000714900   -0.0000084500    0.0000171300
   0.0000041400   -0.0000164500   -0.0008008400
  -0.0001239800   -0.0000131900    0.0001089600
   0.0000137800    0.0000079500    0.0000102600
   0.0007477000   -0.0012162000    0.0034745500
   0.0000982600    0.0000567200   -0.0000599800
   0.0000038700    0.0000173500    0.0000265100
  -0.0000181500   -0.0000104800   -0.0000093400
   0.0000014300   -0.0000108400    0.0000197000
   0.0000169600   -0.0000053300    0.0000265200
  -0.0006794100    0.0012556200    0.0034745700
  -0.0000086800    0.0000066500    0.0000197000
  -0.0000460200   -0.0000265800   -0.0000294300
  -0.0016885500   -0.0014529800   -0.0002883700
   0.0018830700   -0.0018032600   -0.0004621100
  -0.0000002000   -0.0000020200   -0.0000110400
  -0.0000159400   -0.0000029700   -0.0000056300
  -0.0000049200   -0.0000191600    0.0003343000
   0.0000152000   -0.0000074400   -0.0000118000
  -0.0000277100   -0.0001186700    0.0002900800
   0.0000056000    0.0000000600   -0.0000149900
  -0.0000016000   -0.0000014200   -0.0000052700
  -0.0001166200    0.0000353400    0.0002900900
  -0.0006201400    0.0025324200   -0.0004621000
   0.0000011700    0.0000168900   -0.0000118000
  -0.0000105600   -0.0000123200   -0.0000056400
   0.0000028600    0.0000048200   -0.0000149900
  -0.0000018600    0.0000008400   -0.0000110500
  -0.0021025900   -0.0007358500   -0.0002883700
  -0.0000190500    0.0000053100    0.0003343100
  -0.0000020200   -0.0000006800   -0.0000052800
  -0.0022368700   -0.0012914500    0.1449707600
  -0.0000129900    0.0000347100    0.0003093700
   0.0000455600    0.0000658400    0.0003090400
  -0.0000577400   -0.0000466400    0.0002619300
   0.0000235700   -0.0000286300    0.0003093500
   0.0000016500    0.0000009500   -0.0000058000
  -0.0000692700   -0.0000266900    0.0002619400
  -0.0000002800   -0.0000001700   -0.0000057700
   0.0000798300    0.0000065500    0.0003090100
  -0.0003222000   -0.0001860600   -0.0189688500
  -0.0000275200    0.0000586900   -0.0000239300
   0.0000339100    0.0000568500   -0.0000187800
  -0.0000395900   -0.0000452000   -0.0000521100
   0.0000370800   -0.0000531600   -0.0000239400
   0.0000009800    0.0000005700    0.0000033100
  -0.0000589400   -0.0000116900   -0.0000521100
   0.0000012800    0.0000007400    0.0000019300
   0.0000661700    0.0000009400   -0.0000187600
  -0.0001069400   -0.0000092000   -0.0000302400
  -0.0007767100   -0.0009747300    0.0036409600
   0.0000050300    0.0000100100    0.0000202100
  -0.0000121100   -0.0000074600    0.0000309000
  -0.0000063800   -0.0000049800    0.0000197200
   0.0000195200   -0.0000094300   -0.0000056000
  -0.0000543000    0.0010802400    0.0037426800
   0.0000276000   -0.0000328800   -0.0000281800
  -0.0000019900    0.0000047800    0.0000304400
   0.0002929700    0.0020863600   -0.0003439900
   0.0000471900    0.0000272500    0.0003162300
  -0.0000089800    0.0000185800   -0.0000083700
  -0.0000033900   -0.0000019500   -0.0000087000
  -0.0000003100    0.0000051200   -0.0000130400
   0.0000116100   -0.0000170500   -0.0000083700
   0.0019533200   -0.0007894700   -0.0003439600
   0.0000042800   -0.0000028200   -0.0000130400
   0.0000008200    0.0000004700    0.0003398400
   0.0009083600   -0.0005871700    0.0037425400
  -0.0012325000   -0.0001852900    0.0036407800
   0.0000015900    0.0000216600   -0.0000055500
  -0.0000125100   -0.0000067600    0.0000309000
  -0.0000146600    0.0000403400   -0.0000281800
   0.0000111700   -0.0000006400    0.0000202100
  -0.0000614500   -0.0000880200   -0.0000302400
  -0.0000075000   -0.0000030500    0.0000197300
   0.0000031600   -0.0000041200    0.0000304300

91   
  0.0066457865121775   0.0000000000000000   0.0074721831906451
   0.0002673500   -0.0001312900    0.0003422900
   0.0514531500    0.0233679500    0.0555318600
  -0.0000311400   -0.0000181800    0.0000010800
   0.0000131200    0.0000219200    0.0000207500
   0.0000286400   -0.0001780100   -0.0000740500
  -0.0000520100   -0.0000121900   -0.0000114700
   0.0003244100    0.0003643300    0.0003806300
  -0.0002306000    0.0000967000    0.0000201600
  -0.0000230600   -0.0000019600    0.0000167100
   0.0109667700   -0.0252987800    0.0345478200
  -0.0001046100    0.0002032900    0.0000831300
   0.0000441300    0.0000308500   -0.0001047600
  -0.0000903900    0.0004439500    0.0005813900
   0.0002900800   -0.0001444700    0.0006528900
  -0.0000250300   -0.0000131100    0.0000100500
  -0.0000145300    0.0000588000    0.0000139200
  -0.0000196400   -0.0000131800    0.0000020200
  -0.0000160000    0.0000881800   -0.0000108500
   0.0071221600    0.0022118700    0.0140798700
   0.0007333700    0.0003107400    0.0008913900
   0.0000947400   -0.0000557800    0.0000017700
   0.0000756600   -0.0000601800    0.0000139900
   0.0001561300   -0.0000671000    0.0000518800
  -0.0000095000   -0.0000090700   -0.0000006300
   0.0004025300   -0.0008445300    0.0008582400
  -0.0000460900    0.0000152600   -0.0000125900
   0.0000473400   -0.0000849200   -0.0000418100
  -0.0001235500    0.0016422900    0.0002183200
   0.0009816200   -0.0022903600    0.0030546200
  -0.0000159300    0.0000118400    0.0000010200
  -0.0000996800    0.0000415400    0.0000572000
  -0.0029767700    0.0006392000    0.0016318900
   0.0000093300    0.0000215800    0.0000157800
  -0.0000278900   -0.0000633800    0.0000369700
  -0.0000232900   -0.0000042500   -0.0000173400
  -0.0000028500   -0.0000075200    0.0000193200
  -0.0017113500   -0.0000015600    0.0108025600
  -0.0000115600   -0.0001132000    0.0000284400
   0.0000849500    0.0001254100    0.0000378100
  -0.0000566300   -0.0002050600    0.0000563000
  -0.0000944900    0.0001151300    0.0000099100
   0.0000092100    0.0000000400   -0.0000003900
  -0.0000849600    0.0000809300    0.0000513900
   0.0000137000   -0.0000000700    0.0000013500
  -0.0000245500   -0.0000040300    0.0000143800
   0.0007562500    0.0032792400   -0.0034483200
  -0.0001613400    0.0000653600   -0.0000767000
   0.0000217500    0.0000122000   -0.0000276300
  -0.0001918600    0.0001000800    0.0000626400
  -0.0000736300    0.0012673000   -0.0027660300
   0.0000187700    0.0000108800   -0.0000209500
   0.0000046500   -0.0000009800   -0.0000222400
  -0.0000000600   -0.0000069200   -0.0000341600
   0.0000318300   -0.0000054500    0.0000174500
   0.0050769700   -0.0004470100   -0.0036760300
   0.0034747200    0.0001451400   -0.0023169900
   0.0000222400    0.0000169900    0.0000020700
   0.0000169500   -0.0000099600   -0.0000227200
  -0.0000487300    0.0000168000    0.0000034600
   0.0000234800    0.0000025000   -0.0000203200
  -0.0000194100   -0.0000839100    0.0000285600
   0.0000127400   -0.0000094700   -0.0000299000
   0.0000183200    0.0000091700   -0.0000168500
   0.0006680700   -0.0006113900    0.0000524900
   0.0000076100   -0.0000231200    0.0000123800
   0.0000271300    0.0000071900   -0.0002638500
  -0.0005416200   -0.0004693200   -0.0010538600
   0.0000961500    0.0000422600   -0.0002567600
  -0.0000040500    0.0000253300    0.0000068400
  -0.0000009800   -0.0000011800    0.0000089200
  -0.0000048100    0.0000184800   -0.0000012400
   0.0000076300   -0.0000270800    0.0000098800
   0.0001735600   -0.0016814200   -0.0025592000
   0.0000193200   -0.0000074300   -0.0000193500
  -0.0001889300   -0.0000805900    0.0000822800
   0.0010299900   -0.0025548500   -0.0032357400
  -0.0000482900   -0.0000161500   -0.0000039200
   0.0000218800   -0.0000015400   -0.0000220800
   0.0000020800   -0.0000116500   -0.0000133600
   0.0000029800    0.0000022500   -0.0000128300
   0.0000143600   -0.0000008200   -0.0000209800
  -0.0000407700    0.0000491600   -0.0008567400
   0.0020629100   -0.0019379700    0.0013761400
   0.0000009500   -0.0000001600    0.0000066200
  -0.0000131800   -0.0000176400    0.0000067100
   0.0000143600    0.0000271300   -0.0002334900
   0.0000196800    0.0000147700    0.0000127300
   0.0000236000   -0.0000480200   -0.0002547000
   0.0000087000    0.0000097300    0.0000200400
   0.0000019200   -0.0000102900   -0.0000071800
  -0.0764989300   -0.0003188300   -0.1041960800
  -0.0000498200    0.0000362700   -0.0002621800
   0.0000002300    0.0000755100   -0.0003036500
  -0.0000205400   -0.0000449100   -0.0003367400
   0.0000519300   -0.0000528900   -0.0002303200
   0.0000080100    0.0000000700   -0.0000024100
  -0.0000450400    0.0000365800   -0.0003168500
   0.0000081300   -0.0000000800   -0.0000024200
   0.0000768500   -0.0000492300   -0.0002518800
  -0.0020196700   -0.0002633800    0.0004542600
   0.0000754600   -0.0000354600   -0.0002028700
   0.0000036800    0.0000174100    0.0000004500
   0.0000141600    0.0000058300   -0.0002512900
  -0.0011454200    0.0032722600    0.0015810700
   0.0000096600    0.0000044100    0.0000126500
  -0.0000115200    0.0000003500    0.0000096600
  -0.0000019800   -0.0000123700    0.0000140400
  -0.0000013800    0.0000012600    0.0000043100

91   
 -0.0066457865121775   0.0000000000000000  -0.0074721831906451
  -0.0002960200    0.0001324900   -0.0003341100
  -0.0493390500   -0.0221944600   -0.0535135100
   0.0000295000    0.0000190500   -0.0000004000
  -0.0000120100   -0.0000211600   -0.0000208700
  -0.0000297600    0.0001778600    0.0000740800
   0.0000520200    0.0000100000    0.0000117600
  -0.0003399800   -0.0003779800   -0.0003676500
   0.0002229000   -0.0000979600   -0.0000206100
   0.0000211000    0.0000014700   -0.0000168000
  -0.0109139200    0.0247553500   -0.0341487600
   0.0001016200   -0.0001965500   -0.0000837300
  -0.0000460300   -0.0000329200    0.0001061600
   0.0000770400   -0.0004255300   -0.0005776300
  -0.0002755900    0.0001675700   -0.0006496000
   0.0000245900    0.0000125500   -0.0000100900
   0.0000143100   -0.0000575200   -0.0000126000
   0.0000186900    0.0000133200   -0.0000022500
   0.0000171400   -0.0000882600    0.0000120400
  -0.0069512000   -0.0022966800   -0.0142919000
  -0.0006793300   -0.0003089800   -0.0008934900
  -0.0000961200    0.0000572700   -0.0000003900
  -0.0000760800    0.0000604900   -0.0000128700
  -0.0001556600    0.0000657700   -0.0000521900
   0.0000096700    0.0000085900    0.0000007100
  -0.0003782400    0.0008119400   -0.0008550500
   0.0000438600   -0.0000144500    0.0000123900
  -0.0000490000    0.0000850500    0.0000430100
   0.0001057200   -0.0016451300   -0.0002446600
  -0.0010010500    0.0022743300   -0.0030201600
   0.0000152300   -0.0000114800   -0.0000010500
   0.0000980700   -0.0000404700   -0.0000561400
   0.0029467200   -0.0006389000   -0.0016374100
  -0.0000102600   -0.0000217400   -0.0000148000
   0.0000276800    0.0000621600   -0.0000349800
   0.0000222800    0.0000041500    0.0000172900
   0.0000022000    0.0000076100   -0.0000194500
   0.0016771900   -0.0000014100   -0.0106516400
   0.0000126300    0.0001113400   -0.0000248500
  -0.0000822300   -0.0001249700   -0.0000381400
   0.0000562300    0.0002029800   -0.0000551000
   0.0000915900   -0.0001139900   -0.0000078900
  -0.0000089900    0.0000001100    0.0000002100
   0.0000833800   -0.0000820400   -0.0000486800
  -0.0000129600    0.0000000100   -0.0000015200
   0.0000255600    0.0000063000   -0.0000147300
  -0.0007600200   -0.0032718300    0.0034365400
   0.0001576700   -0.0000629600    0.0000709100
  -0.0000212400   -0.0000121800    0.0000271300
   0.0001976800   -0.0001013300   -0.0000624800
   0.0000619000   -0.0012506600    0.0027271900
  -0.0000182400   -0.0000107100    0.0000203400
  -0.0000046100    0.0000011200    0.0000213700
   0.0000002300    0.0000065500    0.0000340100
  -0.0000317400    0.0000057100   -0.0000176800
  -0.0051436100    0.0004453900    0.0036991400
  -0.0033992200   -0.0001344900    0.0022746400
  -0.0000217600   -0.0000171800   -0.0000026600
  -0.0000167200    0.0000097000    0.0000220000
   0.0000479100   -0.0000172300   -0.0000053500
  -0.0000231300   -0.0000022400    0.0000197500
   0.0000211400    0.0000871900   -0.0000300400
  -0.0000127100    0.0000096500    0.0000301900
  -0.0000180900   -0.0000088100    0.0000164400
  -0.0007108800    0.0006113400   -0.0000623800
  -0.0000071500    0.0000224800   -0.0000123000
  -0.0000281200   -0.0000077800    0.0002690200
   0.0005395900    0.0004521400    0.0010447200
  -0.0000978800   -0.0000438900    0.0002547500
   0.0000047500   -0.0000254300   -0.0000072000
   0.0000012000    0.0000007500   -0.0000090600
   0.0000048000   -0.0000183900    0.0000011100
  -0.0000075000    0.0000273400   -0.0000102300
  -0.0002002700    0.0016646700    0.0025226700
  -0.0000190600    0.0000071000    0.0000192600
   0.0001891400    0.0000819600   -0.0000829600
  -0.0010392300    0.0025555600    0.0032376700
   0.0000451000    0.0000144200    0.0000040300
  -0.0000214700    0.0000015900    0.0000214300
  -0.0000017900    0.0000116400    0.0000124300
  -0.0000030900   -0.0000020700    0.0000123800
  -0.0000141700    0.0000010400    0.0000202100
   0.0000655000   -0.0000253000    0.0008461200
  -0.0020548300    0.0019477600   -0.0013477500
  -0.0000000800    0.0000001400   -0.0000067800
   0.0000132400    0.0000174100   -0.0000069900
  -0.0000148300   -0.0000249200    0.0002356700
  -0.0000191700   -0.0000139300   -0.0000131100
  -0.0000210600    0.0000483100    0.0002530500
  -0.0000081000   -0.0000096100   -0.0000199700
  -0.0000012900    0.0000106200    0.0000068600
   0.0743116400   -0.0003077800    0.1018821200
   0.0000501200   -0.0000367200    0.0002601100
   0.0000052200   -0.0000759200    0.0003030500
   0.0000216400    0.0000432100    0.0003352000
  -0.0000527800    0.0000535600    0.0002266300
  -0.0000077600    0.0000001300    0.0000020500
   0.0000446100   -0.0000359100    0.0003129200
  -0.0000076500   -0.0000000100    0.0000020200
  -0.0000753400    0.0000534000    0.0002472600
   0.0020138000    0.0002665000   -0.0004516800
  -0.0000700000    0.0000317600    0.0002026300
  -0.0000030500   -0.0000170000   -0.0000008500
  -0.0000130900   -0.0000041600    0.0002526800
   0.0011246000   -0.0032134400   -0.0015387200
  -0.0000088000   -0.0000043100   -0.0000128600
   0.0000113700   -0.0000005200   -0.0000097800
   0.0000020800    0.0000121500   -0.0000142900
   0.0000012000   -0.0000007300   -0.0000045300
